22 0.7373046875 0.6640625 0.1796875 0.453125
7 0.4677734375 0.6982421875 0.189453125 0.1923828125
1 0.578125 0.0849609375 0.5185546875 0.154296875
23 0.669921875 0.2333984375 0.064453125 0.068359375
23 0.4296875 0.234375 0.064453125 0.0693359375
18 0.412109375 0.6669921875 0.390625 0.35546875
23 0.54296875 0.234375 0.0654296875 0.072265625
11 0.73828125 0.3994140625 0.0458984375 0.044921875
16 0.3603515625 0.4599609375 0.16015625 0.140625
25 0.7294921875 0.9873046875 0.265625 0.0205078125
25 0.4580078125 0.9873046875 0.2705078125 0.021484375
25 0.2236328125 0.9873046875 0.1904296875 0.021484375