22 0.3359375 0.2626953125 0.453125 0.1796875
7 0.3017578125 0.5322265625 0.1923828125 0.189453125
1 0.9150390625 0.421875 0.154296875 0.5185546875
23 0.7666015625 0.330078125 0.068359375 0.064453125
23 0.765625 0.5703125 0.0693359375 0.064453125
18 0.3330078125 0.587890625 0.35546875 0.390625
23 0.765625 0.45703125 0.072265625 0.0654296875
11 0.6005859375 0.26171875 0.044921875 0.0458984375
16 0.5400390625 0.6396484375 0.140625 0.16015625
25 0.0126953125 0.2705078125 0.0205078125 0.265625
25 0.0126953125 0.5419921875 0.021484375 0.2705078125
25 0.0126953125 0.7763671875 0.021484375 0.1904296875