22 0.296875 0.5771484375 0.177734375 0.3828125
7 0.484375 0.5458984375 0.11328125 0.294921875
18 0.4580078125 0.568359375 0.2646484375 0.3828125
3 0.4462890625 0.2138671875 0.60546875 0.1337890625
12 0.7998046875 0.2685546875 0.08203125 0.083984375
5 0.67578125 0.458984375 0.150390625 0.125
5 0.6767578125 0.638671875 0.150390625 0.119140625
20 0.6923828125 0.7275390625 0.0693359375 0.048828125
25 0.984375 0.2373046875 0.0244140625 0.2109375
25 0.984375 0.4443359375 0.0244140625 0.1923828125
25 0.984375 0.6455078125 0.025390625 0.2041015625
25 0.9853515625 0.8134765625 0.0244140625 0.12109375