22 0.5771484375 0.703125 0.3828125 0.177734375
7 0.5458984375 0.515625 0.294921875 0.11328125
18 0.568359375 0.5419921875 0.3828125 0.2646484375
3 0.2138671875 0.5537109375 0.1337890625 0.60546875
12 0.2685546875 0.2001953125 0.083984375 0.08203125
5 0.458984375 0.32421875 0.125 0.150390625
5 0.638671875 0.3232421875 0.119140625 0.150390625
20 0.7275390625 0.3076171875 0.048828125 0.0693359375
25 0.2373046875 0.015625 0.2109375 0.0244140625
25 0.4443359375 0.015625 0.1923828125 0.0244140625
25 0.6455078125 0.015625 0.2041015625 0.025390625
25 0.8134765625 0.0146484375 0.12109375 0.0244140625