11 0.6962890625 0.71875 0.0400390625 0.041015625
18 0.486328125 0.4833984375 0.2421875 0.24609375
12 0.2431640625 0.775390625 0.07421875 0.083984375
20 0.5927734375 0.228515625 0.310546875 0.0419921875
3 0.865234375 0.845703125 0.080078125 0.302734375
7 0.5009765625 0.46484375 0.1533203125 0.09375
5 0.5693359375 0.7080078125 0.1005859375 0.1064453125
5 0.3876953125 0.703125 0.1015625 0.1064453125
22 0.560546875 0.3203125 0.36328125 0.1298828125
16 0.673828125 0.443359375 0.1181640625 0.1103515625
25 0.6982421875 0.9833984375 0.2451171875 0.025390625
25 0.3134765625 0.984375 0.26171875 0.02734375
25 0.51171875 0.9833984375 0.1201171875 0.0263671875