11 0.71875 0.3037109375 0.041015625 0.0400390625
18 0.4833984375 0.513671875 0.24609375 0.2421875
12 0.775390625 0.7568359375 0.083984375 0.07421875
20 0.228515625 0.4072265625 0.0419921875 0.310546875
3 0.845703125 0.134765625 0.302734375 0.080078125
7 0.46484375 0.4990234375 0.09375 0.1533203125
5 0.7080078125 0.4306640625 0.1064453125 0.1005859375
5 0.703125 0.6123046875 0.1064453125 0.1015625
22 0.3203125 0.439453125 0.1298828125 0.36328125
16 0.443359375 0.326171875 0.1103515625 0.1181640625
25 0.9833984375 0.3017578125 0.025390625 0.2451171875
25 0.984375 0.6865234375 0.02734375 0.26171875
25 0.9833984375 0.48828125 0.0263671875 0.1201171875