11 0.28125 0.6962890625 0.041015625 0.0400390625
18 0.5166015625 0.486328125 0.24609375 0.2421875
12 0.224609375 0.2431640625 0.083984375 0.07421875
20 0.771484375 0.5927734375 0.0419921875 0.310546875
3 0.154296875 0.865234375 0.302734375 0.080078125
7 0.53515625 0.5009765625 0.09375 0.1533203125
5 0.2919921875 0.5693359375 0.1064453125 0.1005859375
5 0.296875 0.3876953125 0.1064453125 0.1015625
22 0.6796875 0.560546875 0.1298828125 0.36328125
16 0.556640625 0.673828125 0.1103515625 0.1181640625
25 0.0166015625 0.6982421875 0.025390625 0.2451171875
25 0.015625 0.3134765625 0.02734375 0.26171875
25 0.0166015625 0.51171875 0.0263671875 0.1201171875