14 0.255859375 0.5830078125 0.107421875 0.2314453125
9 0.271484375 0.3662109375 0.076171875 0.205078125
16 0.5185546875 0.5068359375 0.0810546875 0.1103515625
7 0.6611328125 0.580078125 0.1123046875 0.125
21 0.8662109375 0.5400390625 0.0634765625 0.3603515625
11 0.8515625 0.748046875 0.052734375 0.046875
16 0.76171875 0.3642578125 0.1181640625 0.0849609375
16 0.646484375 0.3662109375 0.111328125 0.083984375
5 0.3330078125 0.4228515625 0.0517578125 0.0546875
5 0.2177734375 0.4208984375 0.0361328125 0.0576171875
5 0.3349609375 0.3310546875 0.052734375 0.06640625
5 0.2177734375 0.33203125 0.03515625 0.0615234375
15 0.0830078125 0.521484375 0.12890625 0.53515625
18 0.6689453125 0.55859375 0.2451171875 0.314453125
5 0.5107421875 0.623046875 0.0947265625 0.1162109375
22 0.64453125 0.7353515625 0.36328125 0.0966796875
5 0.392578125 0.7373046875 0.08203125 0.08984375
25 0.224609375 0.8046875 0.1484375 0.0185546875
25 0.40234375 0.8056640625 0.123046875 0.015625
25 0.619140625 0.8056640625 0.123046875 0.0166015625
25 0.818359375 0.8056640625 0.1796875 0.0166015625