14 0.5830078125 0.744140625 0.2314453125 0.107421875
9 0.3662109375 0.728515625 0.205078125 0.076171875
16 0.5068359375 0.4814453125 0.1103515625 0.0810546875
7 0.580078125 0.3388671875 0.125 0.1123046875
21 0.5400390625 0.1337890625 0.3603515625 0.0634765625
11 0.748046875 0.1484375 0.046875 0.052734375
16 0.3642578125 0.23828125 0.0849609375 0.1181640625
16 0.3662109375 0.353515625 0.083984375 0.111328125
5 0.4228515625 0.6669921875 0.0546875 0.0517578125
5 0.4208984375 0.7822265625 0.0576171875 0.0361328125
5 0.3310546875 0.6650390625 0.06640625 0.052734375
5 0.33203125 0.7822265625 0.0615234375 0.03515625
15 0.521484375 0.9169921875 0.53515625 0.12890625
18 0.55859375 0.3310546875 0.314453125 0.2451171875
5 0.623046875 0.4892578125 0.1162109375 0.0947265625
22 0.7353515625 0.35546875 0.0966796875 0.36328125
5 0.7373046875 0.607421875 0.08984375 0.08203125
25 0.8046875 0.775390625 0.0185546875 0.1484375
25 0.8056640625 0.59765625 0.015625 0.123046875
25 0.8056640625 0.380859375 0.0166015625 0.123046875
25 0.8056640625 0.181640625 0.0166015625 0.1796875