7 0.2333984375 0.56640625 0.1015625 0.1494140625
0 0.0390625 0.546875 0.0712890625 0.2236328125
12 0.8466796875 0.7109375 0.0849609375 0.087890625
18 0.248046875 0.521484375 0.2958984375 0.3447265625
22 0.4208984375 0.5166015625 0.197265625 0.4375
7 0.7138671875 0.5068359375 0.107421875 0.1123046875
5 0.7978515625 0.587890625 0.0546875 0.048828125
5 0.630859375 0.58984375 0.056640625 0.0498046875
5 0.6298828125 0.4208984375 0.0576171875 0.052734375
5 0.7998046875 0.421875 0.056640625 0.0537109375
25 0.7744140625 0.8056640625 0.2490234375 0.017578125
25 0.2724609375 0.8056640625 0.1552734375 0.0166015625