7 0.7666015625 0.43359375 0.1015625 0.1494140625
0 0.9609375 0.453125 0.0712890625 0.2236328125
12 0.1533203125 0.2890625 0.0849609375 0.087890625
18 0.751953125 0.478515625 0.2958984375 0.3447265625
22 0.5791015625 0.4833984375 0.197265625 0.4375
7 0.2861328125 0.4931640625 0.107421875 0.1123046875
5 0.2021484375 0.412109375 0.0546875 0.048828125
5 0.369140625 0.41015625 0.056640625 0.0498046875
5 0.3701171875 0.5791015625 0.0576171875 0.052734375
5 0.2001953125 0.578125 0.056640625 0.0537109375
25 0.2255859375 0.1943359375 0.2490234375 0.017578125
25 0.7275390625 0.1943359375 0.1552734375 0.0166015625