7 0.3759765625 0.451171875 0.0888671875 0.0888671875
18 0.373046875 0.5078125 0.21484375 0.294921875
5 0.6416015625 0.3740234375 0.0517578125 0.0576171875
3 0.8291015625 0.7236328125 0.2265625 0.06640625
12 0.1669921875 0.6875 0.0849609375 0.0712890625
9 0.7216796875 0.4091796875 0.0859375 0.1806640625
5 0.7138671875 0.5224609375 0.0576171875 0.0458984375
5 0.7900390625 0.3740234375 0.048828125 0.0478515625
5 0.7880859375 0.44921875 0.0498046875 0.046875
5 0.6435546875 0.44921875 0.046875 0.046875
5 0.7197265625 0.2919921875 0.052734375 0.0498046875
5 0.423828125 0.27734375 0.083984375 0.103515625
5 0.302734375 0.275390625 0.0830078125 0.099609375
0 0.119140625 0.494140625 0.1171875 0.2392578125
11 0.2314453125 0.2802734375 0.0322265625 0.033203125
15 0.9296875 0.46875 0.1318359375 0.3994140625
22 0.46484375 0.5927734375 0.21484375 0.1083984375
22 0.515625 0.4541015625 0.1083984375 0.162109375
25 0.2255859375 0.1884765625 0.150390625 0.0166015625
25 0.416015625 0.1875 0.1494140625 0.0166015625
25 0.60546875 0.1875 0.1552734375 0.013671875
25 0.7978515625 0.1875 0.158203125 0.015625