22 0.6962890625 0.48046875 0.1396484375 0.365234375
22 0.484375 0.841796875 0.2998046875 0.1474609375
20 0.697265625 0.138671875 0.0732421875 0.0751953125
5 0.7041015625 0.2373046875 0.1259765625 0.1015625
18 0.4873046875 0.482421875 0.2646484375 0.5322265625
7 0.4501953125 0.31640625 0.08203125 0.0791015625
7 0.5263671875 0.396484375 0.0732421875 0.1220703125
7 0.5234375 0.580078125 0.0693359375 0.138671875
7 0.4462890625 0.654296875 0.078125 0.0908203125
11 0.697265625 0.8359375 0.0634765625 0.06640625
12 0.291015625 0.3330078125 0.0556640625 0.05078125
12 0.283203125 0.8193359375 0.078125 0.0751953125
5 0.27734375 0.4248046875 0.1328125 0.1123046875
5 0.27734375 0.244140625 0.1298828125 0.1123046875
22 0.4892578125 0.119140625 0.294921875 0.1435546875
5 0.69921875 0.720703125 0.130859375 0.0986328125
20 0.291015625 0.138671875 0.0751953125 0.072265625
20 0.521484375 0.30078125 0.0380859375 0.041015625
20 0.5185546875 0.6748046875 0.0400390625 0.03515625
25 0.5234375 0.0166015625 0.458984375 0.025390625
25 0.884765625 0.486328125 0.0234375 0.658203125