22 0.3037109375 0.48046875 0.1396484375 0.365234375
22 0.515625 0.841796875 0.2998046875 0.1474609375
20 0.302734375 0.138671875 0.0732421875 0.0751953125
5 0.2958984375 0.2373046875 0.1259765625 0.1015625
18 0.5126953125 0.482421875 0.2646484375 0.5322265625
7 0.5498046875 0.31640625 0.08203125 0.0791015625
7 0.4736328125 0.396484375 0.0732421875 0.1220703125
7 0.4765625 0.580078125 0.0693359375 0.138671875
7 0.5537109375 0.654296875 0.078125 0.0908203125
11 0.302734375 0.8359375 0.0634765625 0.06640625
12 0.708984375 0.3330078125 0.0556640625 0.05078125
12 0.716796875 0.8193359375 0.078125 0.0751953125
5 0.72265625 0.4248046875 0.1328125 0.1123046875
5 0.72265625 0.244140625 0.1298828125 0.1123046875
22 0.5107421875 0.119140625 0.294921875 0.1435546875
5 0.30078125 0.720703125 0.130859375 0.0986328125
20 0.708984375 0.138671875 0.0751953125 0.072265625
20 0.478515625 0.30078125 0.0380859375 0.041015625
20 0.4814453125 0.6748046875 0.0400390625 0.03515625
25 0.4765625 0.0166015625 0.458984375 0.025390625
25 0.115234375 0.486328125 0.0234375 0.658203125