22 0.7529296875 0.5576171875 0.205078125 0.5830078125
18 0.431640625 0.5439453125 0.5302734375 0.6982421875
2 0.2158203125 0.42578125 0.099609375 0.1650390625
2 0.2158203125 0.6220703125 0.1044921875 0.16796875
7 0.4443359375 0.5380859375 0.265625 0.2783203125
5 0.341796875 0.876953125 0.1533203125 0.2060546875
5 0.513671875 0.88671875 0.125 0.2041015625
12 0.7509765625 0.1640625 0.169921875 0.1728515625
22 0.4150390625 0.1708984375 0.466796875 0.18359375
25 0.22265625 0.0126953125 0.2353515625 0.017578125
25 0.47265625 0.013671875 0.25390625 0.01953125
25 0.734375 0.013671875 0.2568359375 0.0205078125