22 0.240234375 0.5029296875 0.1396484375 0.3642578125
0 0.54296875 0.869140625 0.3779296875 0.1474609375
18 0.572265625 0.5068359375 0.46875 0.2919921875
3 0.853515625 0.8720703125 0.2294921875 0.1474609375
7 0.57421875 0.4814453125 0.2578125 0.13671875
5 0.890625 0.5419921875 0.1279296875 0.109375
5 0.8876953125 0.4091796875 0.130859375 0.107421875
20 0.8828125 0.2568359375 0.080078125 0.078125
20 0.3193359375 0.2548828125 0.0810546875 0.0791015625
11 0.2490234375 0.2880859375 0.044921875 0.0478515625
22 0.59765625 0.2578125 0.45703125 0.1357421875
12 0.296875 0.8037109375 0.0595703125 0.0615234375
25 0.98828125 0.65234375 0.0224609375 0.2841796875
25 0.98828125 0.35546875 0.021484375 0.296875