22 0.4970703125 0.240234375 0.3642578125 0.1396484375
0 0.130859375 0.54296875 0.1474609375 0.3779296875
18 0.4931640625 0.572265625 0.2919921875 0.46875
3 0.1279296875 0.853515625 0.1474609375 0.2294921875
7 0.5185546875 0.57421875 0.13671875 0.2578125
5 0.4580078125 0.890625 0.109375 0.1279296875
5 0.5908203125 0.8876953125 0.107421875 0.130859375
20 0.7431640625 0.8828125 0.078125 0.080078125
20 0.7451171875 0.3193359375 0.0791015625 0.0810546875
11 0.7119140625 0.2490234375 0.0478515625 0.044921875
22 0.7421875 0.59765625 0.1357421875 0.45703125
12 0.1962890625 0.296875 0.0615234375 0.0595703125
25 0.34765625 0.98828125 0.2841796875 0.0224609375
25 0.64453125 0.98828125 0.296875 0.021484375