0 0.48046875 0.2158203125 0.4052734375 0.0966796875
8 0.1259765625 0.7392578125 0.2451171875 0.1259765625
24 0.05859375 0.326171875 0.1044921875 0.3134765625
19 0.49609375 0.794921875 0.451171875 0.0732421875
11 0.91015625 0.65234375 0.0244140625 0.041015625
18 0.6171875 0.529296875 0.5791015625 0.376953125
7 0.5361328125 0.466796875 0.1005859375 0.0986328125
5 0.203125 0.6435546875 0.0830078125 0.0546875
5 0.091796875 0.6416015625 0.078125 0.056640625
6 0.7900390625 0.6044921875 0.212890625 0.2861328125
22 0.505859375 0.6376953125 0.3408203125 0.216796875
25 0.98828125 0.3701171875 0.01953125 0.25
25 0.98828125 0.62890625 0.01953125 0.26171875