0 0.7841796875 0.51953125 0.0966796875 0.4052734375
8 0.2607421875 0.8740234375 0.1259765625 0.2451171875
24 0.673828125 0.94140625 0.3134765625 0.1044921875
19 0.205078125 0.50390625 0.0732421875 0.451171875
11 0.34765625 0.08984375 0.041015625 0.0244140625
18 0.470703125 0.3828125 0.376953125 0.5791015625
7 0.533203125 0.4638671875 0.0986328125 0.1005859375
5 0.3564453125 0.796875 0.0546875 0.0830078125
5 0.3583984375 0.908203125 0.056640625 0.078125
6 0.3955078125 0.2099609375 0.2861328125 0.212890625
22 0.3623046875 0.494140625 0.216796875 0.3408203125
25 0.6298828125 0.01171875 0.25 0.01953125
25 0.37109375 0.01171875 0.26171875 0.01953125