0 0.2158203125 0.48046875 0.0966796875 0.4052734375
8 0.7392578125 0.1259765625 0.1259765625 0.2451171875
24 0.326171875 0.05859375 0.3134765625 0.1044921875
19 0.794921875 0.49609375 0.0732421875 0.451171875
11 0.65234375 0.91015625 0.041015625 0.0244140625
18 0.529296875 0.6171875 0.376953125 0.5791015625
7 0.466796875 0.5361328125 0.0986328125 0.1005859375
5 0.6435546875 0.203125 0.0546875 0.0830078125
5 0.6416015625 0.091796875 0.056640625 0.078125
6 0.6044921875 0.7900390625 0.2861328125 0.212890625
22 0.6376953125 0.505859375 0.216796875 0.3408203125
25 0.3701171875 0.98828125 0.25 0.01953125
25 0.62890625 0.98828125 0.26171875 0.01953125