7 0.529296875 0.3974609375 0.3193359375 0.19140625
22 0.9208984375 0.404296875 0.158203125 0.419921875
5 0.0830078125 0.4248046875 0.14453125 0.1396484375
5 0.0849609375 0.2548828125 0.1396484375 0.134765625
11 0.896484375 0.6650390625 0.0615234375 0.0556640625
18 0.708984375 0.50390625 0.279296875 0.587890625
18 0.318359375 0.2900390625 0.4970703125 0.2724609375
18 0.353515625 0.6064453125 0.4326171875 0.357421875
16 0.80078125 0.72265625 0.087890625 0.1435546875
6 0.326171875 0.658203125 0.1904296875 0.2802734375
22 0.5888671875 0.7041015625 0.326171875 0.19140625