7 0.3974609375 0.470703125 0.19140625 0.3193359375
22 0.404296875 0.0791015625 0.419921875 0.158203125
5 0.4248046875 0.9169921875 0.1396484375 0.14453125
5 0.2548828125 0.9150390625 0.134765625 0.1396484375
11 0.6650390625 0.103515625 0.0556640625 0.0615234375
18 0.50390625 0.291015625 0.587890625 0.279296875
18 0.2900390625 0.681640625 0.2724609375 0.4970703125
18 0.6064453125 0.646484375 0.357421875 0.4326171875
16 0.72265625 0.19921875 0.1435546875 0.087890625
6 0.658203125 0.673828125 0.2802734375 0.1904296875
22 0.7041015625 0.4111328125 0.19140625 0.326171875