7 0.470703125 0.6025390625 0.3193359375 0.19140625
22 0.0791015625 0.595703125 0.158203125 0.419921875
5 0.9169921875 0.5751953125 0.14453125 0.1396484375
5 0.9150390625 0.7451171875 0.1396484375 0.134765625
11 0.103515625 0.3349609375 0.0615234375 0.0556640625
18 0.291015625 0.49609375 0.279296875 0.587890625
18 0.681640625 0.7099609375 0.4970703125 0.2724609375
18 0.646484375 0.3935546875 0.4326171875 0.357421875
16 0.19921875 0.27734375 0.087890625 0.1435546875
6 0.673828125 0.341796875 0.1904296875 0.2802734375
22 0.4111328125 0.2958984375 0.326171875 0.19140625