22 0.7900390625 0.435546875 0.1552734375 0.294921875
3 0.7314453125 0.2060546875 0.2783203125 0.07421875
12 0.5234375 0.216796875 0.0498046875 0.0517578125
20 0.4921875 0.2841796875 0.0537109375 0.068359375
7 0.3984375 0.4599609375 0.115234375 0.1162109375
10 0.486328125 0.7880859375 0.4140625 0.0966796875
18 0.5146484375 0.44140625 0.5927734375 0.3828125
4 0.7919921875 0.7890625 0.193359375 0.09765625
22 0.3056640625 0.2685546875 0.3125 0.1650390625
22 0.23046875 0.50390625 0.1552734375 0.2958984375
25 0.982421875 0.4892578125 0.029296875 0.4228515625
25 0.017578125 0.4873046875 0.025390625 0.4013671875