22 0.435546875 0.2099609375 0.294921875 0.1552734375
3 0.2060546875 0.2685546875 0.07421875 0.2783203125
12 0.216796875 0.4765625 0.0517578125 0.0498046875
20 0.2841796875 0.5078125 0.068359375 0.0537109375
7 0.4599609375 0.6015625 0.1162109375 0.115234375
10 0.7880859375 0.513671875 0.0966796875 0.4140625
18 0.44140625 0.4853515625 0.3828125 0.5927734375
4 0.7890625 0.2080078125 0.09765625 0.193359375
22 0.2685546875 0.6943359375 0.1650390625 0.3125
22 0.50390625 0.76953125 0.2958984375 0.1552734375
25 0.4892578125 0.017578125 0.4228515625 0.029296875
25 0.4873046875 0.982421875 0.4013671875 0.025390625