22 0.2099609375 0.564453125 0.1552734375 0.294921875
3 0.2685546875 0.7939453125 0.2783203125 0.07421875
12 0.4765625 0.783203125 0.0498046875 0.0517578125
20 0.5078125 0.7158203125 0.0537109375 0.068359375
7 0.6015625 0.5400390625 0.115234375 0.1162109375
10 0.513671875 0.2119140625 0.4140625 0.0966796875
18 0.4853515625 0.55859375 0.5927734375 0.3828125
4 0.2080078125 0.2109375 0.193359375 0.09765625
22 0.6943359375 0.7314453125 0.3125 0.1650390625
22 0.76953125 0.49609375 0.1552734375 0.2958984375
25 0.017578125 0.5107421875 0.029296875 0.4228515625
25 0.982421875 0.5126953125 0.025390625 0.4013671875