0 0.0517578125 0.6591796875 0.0966796875 0.2744140625
7 0.2841796875 0.5986328125 0.1142578125 0.0859375
18 0.314453125 0.6240234375 0.318359375 0.2421875
15 0.5859375 0.2138671875 0.43359375 0.1181640625
5 0.6591796875 0.7431640625 0.060546875 0.0517578125
5 0.7958984375 0.7451171875 0.0625 0.0537109375
5 0.255859375 0.4931640625 0.1025390625 0.0908203125
5 0.8681640625 0.6640625 0.0537109375 0.06640625
5 0.7275390625 0.587890625 0.0654296875 0.0517578125
5 0.794921875 0.5888671875 0.0673828125 0.0537109375
5 0.658203125 0.587890625 0.0673828125 0.052734375
5 0.5966796875 0.4580078125 0.0703125 0.033203125
12 0.89453125 0.5078125 0.1015625 0.1103515625
5 0.595703125 0.662109375 0.05078125 0.06640625
5 0.66796875 0.45703125 0.0556640625 0.0302734375
5 0.7275390625 0.744140625 0.0595703125 0.052734375
14 0.5712890625 0.3935546875 0.28125 0.09375
22 0.4482421875 0.6337890625 0.107421875 0.267578125
22 0.291015625 0.7119140625 0.201171875 0.11328125
25 0.9873046875 0.310546875 0.0205078125 0.244140625
25 0.98828125 0.6767578125 0.01953125 0.28125
25 0.830078125 0.8466796875 0.2880859375 0.0185546875
25 0.458984375 0.845703125 0.2587890625 0.0185546875
25 0.119140625 0.845703125 0.228515625 0.017578125