0 0.3408203125 0.0517578125 0.2744140625 0.0966796875
7 0.4013671875 0.2841796875 0.0859375 0.1142578125
18 0.3759765625 0.314453125 0.2421875 0.318359375
15 0.7861328125 0.5859375 0.1181640625 0.43359375
5 0.2568359375 0.6591796875 0.0517578125 0.060546875
5 0.2548828125 0.7958984375 0.0537109375 0.0625
5 0.5068359375 0.255859375 0.0908203125 0.1025390625
5 0.3359375 0.8681640625 0.06640625 0.0537109375
5 0.412109375 0.7275390625 0.0517578125 0.0654296875
5 0.4111328125 0.794921875 0.0537109375 0.0673828125
5 0.412109375 0.658203125 0.052734375 0.0673828125
5 0.5419921875 0.5966796875 0.033203125 0.0703125
12 0.4921875 0.89453125 0.1103515625 0.1015625
5 0.337890625 0.595703125 0.06640625 0.05078125
5 0.54296875 0.66796875 0.0302734375 0.0556640625
5 0.255859375 0.7275390625 0.052734375 0.0595703125
14 0.6064453125 0.5712890625 0.09375 0.28125
22 0.3662109375 0.4482421875 0.267578125 0.107421875
22 0.2880859375 0.291015625 0.11328125 0.201171875
25 0.689453125 0.9873046875 0.244140625 0.0205078125
25 0.3232421875 0.98828125 0.28125 0.01953125
25 0.1533203125 0.830078125 0.0185546875 0.2880859375
25 0.154296875 0.458984375 0.0185546875 0.2587890625
25 0.154296875 0.119140625 0.017578125 0.228515625