22 0.3740234375 0.484375 0.1904296875 0.5302734375
22 0.578125 0.0947265625 0.3505859375 0.14453125
16 0.896484375 0.3271484375 0.080078125 0.080078125
16 0.6103515625 0.697265625 0.11328125 0.111328125
5 0.806640625 0.7783203125 0.1552734375 0.1484375
21 0.5595703125 0.900390625 0.419921875 0.0732421875
7 0.6416015625 0.392578125 0.1748046875 0.1474609375
7 0.642578125 0.53125 0.177734375 0.13671875
20 0.3623046875 0.7802734375 0.0625 0.052734375
11 0.2294921875 0.1748046875 0.05859375 0.0546875
19 0.203125 0.08984375 0.1259765625 0.1044921875
20 0.361328125 0.185546875 0.0634765625 0.0537109375
18 0.6572265625 0.4775390625 0.3671875 0.5400390625
13 0.2412109375 0.8681640625 0.044921875 0.048828125
5 0.8232421875 0.166015625 0.11328125 0.150390625
25 0.0380859375 0.6630859375 0.02734375 0.2216796875
25 0.0361328125 0.4677734375 0.02734375 0.162109375
25 0.037109375 0.2685546875 0.025390625 0.22265625