22 0.515625 0.3740234375 0.5302734375 0.1904296875
22 0.9052734375 0.578125 0.14453125 0.3505859375
16 0.6728515625 0.896484375 0.080078125 0.080078125
16 0.302734375 0.6103515625 0.111328125 0.11328125
5 0.2216796875 0.806640625 0.1484375 0.1552734375
21 0.099609375 0.5595703125 0.0732421875 0.419921875
7 0.607421875 0.6416015625 0.1474609375 0.1748046875
7 0.46875 0.642578125 0.13671875 0.177734375
20 0.2197265625 0.3623046875 0.052734375 0.0625
11 0.8251953125 0.2294921875 0.0546875 0.05859375
19 0.91015625 0.203125 0.1044921875 0.1259765625
20 0.814453125 0.361328125 0.0537109375 0.0634765625
18 0.5224609375 0.6572265625 0.5400390625 0.3671875
13 0.1318359375 0.2412109375 0.048828125 0.044921875
5 0.833984375 0.8232421875 0.150390625 0.11328125
25 0.3369140625 0.0380859375 0.2216796875 0.02734375
25 0.5322265625 0.0361328125 0.162109375 0.02734375
25 0.7314453125 0.037109375 0.22265625 0.025390625