0 0.5185546875 0.8388671875 0.384765625 0.1435546875
5 0.189453125 0.5751953125 0.25 0.2197265625
10 0.8271484375 0.83984375 0.2216796875 0.1416015625
12 0.1455078125 0.765625 0.0751953125 0.0751953125
20 0.1484375 0.2001953125 0.072265625 0.166015625
18 0.3701171875 0.4951171875 0.49609375 0.396484375
11 0.1591796875 0.3466796875 0.064453125 0.0791015625
18 0.80859375 0.328125 0.3798828125 0.462890625
7 0.46875 0.5615234375 0.212890625 0.18359375
12 0.904296875 0.1748046875 0.162109375 0.1474609375
16 0.8310546875 0.3564453125 0.2099609375 0.13671875
6 0.611328125 0.2705078125 0.2158203125 0.3203125
22 0.3486328125 0.23828125 0.3046875 0.2548828125
25 0.0126953125 0.490234375 0.025390625 0.271484375
25 0.0126953125 0.744140625 0.025390625 0.2265625
25 0.171875 0.8984375 0.291015625 0.0244140625