0 0.8388671875 0.4814453125 0.1435546875 0.384765625
5 0.5751953125 0.810546875 0.2197265625 0.25
10 0.83984375 0.1728515625 0.1416015625 0.2216796875
12 0.765625 0.8544921875 0.0751953125 0.0751953125
20 0.2001953125 0.8515625 0.166015625 0.072265625
18 0.4951171875 0.6298828125 0.396484375 0.49609375
11 0.3466796875 0.8408203125 0.0791015625 0.064453125
18 0.328125 0.19140625 0.462890625 0.3798828125
7 0.5615234375 0.53125 0.18359375 0.212890625
12 0.1748046875 0.095703125 0.1474609375 0.162109375
16 0.3564453125 0.1689453125 0.13671875 0.2099609375
6 0.2705078125 0.388671875 0.3203125 0.2158203125
22 0.23828125 0.6513671875 0.2548828125 0.3046875
25 0.490234375 0.9873046875 0.271484375 0.025390625
25 0.744140625 0.9873046875 0.2265625 0.025390625
25 0.8984375 0.828125 0.0244140625 0.291015625