22 0.2099609375 0.548828125 0.2119140625 0.78515625
11 0.8974609375 0.830078125 0.0478515625 0.0693359375
18 0.6142578125 0.4345703125 0.771484375 0.7021484375
7 0.6171875 0.4599609375 0.228515625 0.2314453125
16 0.47265625 0.6220703125 0.0732421875 0.068359375
5 0.515625 0.1357421875 0.173828125 0.220703125
5 0.7421875 0.134765625 0.171875 0.2177734375
20 0.0576171875 0.564453125 0.0771484375 0.455078125
22 0.5947265625 0.8212890625 0.548828125 0.22265625
25 0.619140625 0.984375 0.4169921875 0.0244140625
25 0.2041015625 0.984375 0.400390625 0.025390625