5 0.6455078125 0.57421875 0.095703125 0.0927734375
16 0.3720703125 0.435546875 0.0478515625 0.0458984375
16 0.4306640625 0.4775390625 0.044921875 0.0439453125
20 0.5380859375 0.6279296875 0.064453125 0.06640625
7 0.3427734375 0.521484375 0.1015625 0.1025390625
10 0.5087890625 0.271484375 0.1982421875 0.12890625
5 0.6435546875 0.3837890625 0.0869140625 0.08984375
6 0.892578125 0.4775390625 0.109375 0.177734375
20 0.810546875 0.431640625 0.0439453125 0.0478515625
12 0.8564453125 0.2958984375 0.04296875 0.0458984375
0 0.2822265625 0.265625 0.234375 0.1142578125
20 0.212890625 0.4443359375 0.068359375 0.052734375
18 0.4267578125 0.4765625 0.38671875 0.25390625
20 0.3212890625 0.7080078125 0.3408203125 0.0419921875
12 0.130859375 0.2802734375 0.0458984375 0.0537109375
22 0.3720703125 0.63671875 0.25390625 0.0927734375
22 0.1962890625 0.5791015625 0.08984375 0.2060546875
25 0.015625 0.4892578125 0.01953125 0.3779296875
25 0.990234375 0.623046875 0.015625 0.078125
25 0.9912109375 0.3046875 0.0146484375 0.09765625
25 0.9912109375 0.4697265625 0.0146484375 0.21875