5 0.42578125 0.3544921875 0.0927734375 0.095703125
16 0.564453125 0.6279296875 0.0458984375 0.0478515625
16 0.5224609375 0.5693359375 0.0439453125 0.044921875
20 0.3720703125 0.4619140625 0.06640625 0.064453125
7 0.478515625 0.6572265625 0.1025390625 0.1015625
10 0.728515625 0.4912109375 0.12890625 0.1982421875
5 0.6162109375 0.3564453125 0.08984375 0.0869140625
6 0.5224609375 0.107421875 0.177734375 0.109375
20 0.568359375 0.189453125 0.0478515625 0.0439453125
12 0.7041015625 0.1435546875 0.0458984375 0.04296875
0 0.734375 0.7177734375 0.1142578125 0.234375
20 0.5556640625 0.787109375 0.052734375 0.068359375
18 0.5234375 0.5732421875 0.25390625 0.38671875
20 0.2919921875 0.6787109375 0.0419921875 0.3408203125
12 0.7197265625 0.869140625 0.0537109375 0.0458984375
22 0.36328125 0.6279296875 0.0927734375 0.25390625
22 0.4208984375 0.8037109375 0.2060546875 0.08984375
25 0.5107421875 0.984375 0.3779296875 0.01953125
25 0.376953125 0.009765625 0.078125 0.015625
25 0.6953125 0.0087890625 0.09765625 0.0146484375
25 0.5302734375 0.0087890625 0.21875 0.0146484375