7 0.4580078125 0.4521484375 0.166015625 0.1865234375
20 0.701171875 0.2548828125 0.0654296875 0.064453125
16 0.6298828125 0.576171875 0.060546875 0.056640625
0 0.494140625 0.78515625 0.3486328125 0.1064453125
21 0.2021484375 0.8037109375 0.2236328125 0.072265625
21 0.7841796875 0.798828125 0.2255859375 0.078125
11 0.833984375 0.220703125 0.03515625 0.0419921875
20 0.1220703125 0.455078125 0.041015625 0.3095703125
18 0.5068359375 0.453125 0.44140625 0.322265625
22 0.408203125 0.2470703125 0.501953125 0.1494140625
22 0.2294921875 0.505859375 0.150390625 0.3603515625
5 0.759765625 0.6513671875 0.1611328125 0.189453125
25 0.525390625 0.0927734375 0.484375 0.0263671875