0 0.11328125 0.4541015625 0.099609375 0.56640625
16 0.4404296875 0.62890625 0.1357421875 0.130859375
18 0.5087890625 0.4921875 0.345703125 0.455078125
20 0.4521484375 0.21484375 0.0703125 0.0751953125
20 0.8505859375 0.3818359375 0.0537109375 0.45703125
21 0.34765625 0.80078125 0.55078125 0.0966796875
7 0.5478515625 0.4140625 0.126953125 0.1318359375
22 0.7373046875 0.3818359375 0.1630859375 0.4873046875
5 0.5830078125 0.220703125 0.13671875 0.1640625
5 0.3046875 0.267578125 0.1728515625 0.1689453125
25 0.435546875 0.0390625 0.2236328125 0.0244140625
25 0.44140625 0.9619140625 0.21484375 0.0263671875