0 0.88671875 0.5458984375 0.099609375 0.56640625
16 0.5595703125 0.37109375 0.1357421875 0.130859375
18 0.4912109375 0.5078125 0.345703125 0.455078125
20 0.5478515625 0.78515625 0.0703125 0.0751953125
20 0.1494140625 0.6181640625 0.0537109375 0.45703125
21 0.65234375 0.19921875 0.55078125 0.0966796875
7 0.4521484375 0.5859375 0.126953125 0.1318359375
22 0.2626953125 0.6181640625 0.1630859375 0.4873046875
5 0.4169921875 0.779296875 0.13671875 0.1640625
5 0.6953125 0.732421875 0.1728515625 0.1689453125
25 0.564453125 0.9609375 0.2236328125 0.0244140625
25 0.55859375 0.0380859375 0.21484375 0.0263671875