20 0.8134765625 0.8193359375 0.177734375 0.0390625
16 0.2412109375 0.79296875 0.087890625 0.1015625
16 0.4248046875 0.7939453125 0.080078125 0.1025390625
16 0.5205078125 0.548828125 0.1875 0.1904296875
7 0.3212890625 0.6181640625 0.1884765625 0.23046875
16 0.38671875 0.2607421875 0.1533203125 0.1611328125
12 0.2451171875 0.2333984375 0.099609375 0.0966796875
20 0.27734375 0.3857421875 0.0859375 0.0869140625
3 0.052734375 0.7861328125 0.1005859375 0.17578125
22 0.8115234375 0.5703125 0.189453125 0.4404296875
22 0.6865234375 0.2529296875 0.4404296875 0.1865234375
25 0.015625 0.5654296875 0.025390625 0.255859375
25 0.015625 0.2802734375 0.025390625 0.2978515625