5 0.9287109375 0.228515625 0.041015625 0.08984375
5 0.927734375 0.3623046875 0.0478515625 0.0947265625
5 0.8310546875 0.1259765625 0.0927734375 0.0419921875
5 0.8310546875 0.4716796875 0.09765625 0.0478515625
9 0.833984375 0.2978515625 0.1416015625 0.2890625
7 0.353515625 0.4697265625 0.1640625 0.166015625
16 0.28515625 0.6181640625 0.0703125 0.07421875
5 0.16796875 0.607421875 0.1328125 0.130859375
0 0.0341796875 0.4736328125 0.068359375 0.2568359375
0 0.4150390625 0.8623046875 0.28515625 0.08984375
25 0.8056640625 0.0595703125 0.189453125 0.015625
12 0.0791015625 0.1171875 0.072265625 0.06640625
18 0.37890625 0.4375 0.525390625 0.384765625
25 0.6064453125 0.0595703125 0.2021484375 0.0166015625
25 0.40234375 0.0595703125 0.2021484375 0.0166015625
25 0.19921875 0.0595703125 0.201171875 0.015625
22 0.43359375 0.251953125 0.40234375 0.140625
22 0.5634765625 0.455078125 0.1435546875 0.2578125