22 0.8017578125 0.3720703125 0.134765625 0.5146484375
20 0.2265625 0.5625 0.146484375 0.056640625
18 0.5234375 0.529296875 0.34375 0.4638671875
7 0.35546875 0.3427734375 0.083984375 0.0791015625
7 0.521484375 0.4560546875 0.1435546875 0.1474609375
16 0.5302734375 0.5615234375 0.060546875 0.0546875
0 0.4306640625 0.888671875 0.2841796875 0.1259765625
12 0.201171875 0.6513671875 0.064453125 0.0654296875
12 0.2529296875 0.857421875 0.0517578125 0.052734375
12 0.7783203125 0.828125 0.0859375 0.07421875
10 0.640625 0.130859375 0.1669921875 0.033203125
20 0.796875 0.6904296875 0.115234375 0.1123046875
22 0.21875 0.3232421875 0.13671875 0.4091796875
22 0.4189453125 0.1982421875 0.2578125 0.1591796875
25 0.130859375 0.3603515625 0.01171875 0.5048828125