22 0.6279296875 0.1982421875 0.5146484375 0.134765625
20 0.4375 0.7734375 0.056640625 0.146484375
18 0.470703125 0.4765625 0.4638671875 0.34375
7 0.6572265625 0.64453125 0.0791015625 0.083984375
7 0.5439453125 0.478515625 0.1474609375 0.1435546875
16 0.4384765625 0.4697265625 0.0546875 0.060546875
0 0.111328125 0.5693359375 0.1259765625 0.2841796875
12 0.3486328125 0.798828125 0.0654296875 0.064453125
12 0.142578125 0.7470703125 0.052734375 0.0517578125
12 0.171875 0.2216796875 0.07421875 0.0859375
10 0.869140625 0.359375 0.033203125 0.1669921875
20 0.3095703125 0.203125 0.1123046875 0.115234375
22 0.6767578125 0.78125 0.4091796875 0.13671875
22 0.8017578125 0.5810546875 0.1591796875 0.2578125
25 0.6396484375 0.869140625 0.5048828125 0.01171875