22 0.4580078125 0.2626953125 0.4990234375 0.173828125
22 0.470703125 0.75390625 0.3193359375 0.16796875
16 0.7314453125 0.5791015625 0.125 0.1474609375
20 0.7060546875 0.744140625 0.0703125 0.0703125
18 0.4521484375 0.5 0.5791015625 0.4375
12 0.8134765625 0.23828125 0.0693359375 0.064453125
12 0.240234375 0.763671875 0.07421875 0.07421875
5 0.185814814453125 0.5430138798828125 0.044488650390625 0.63747385546875 0.1245961767578125 0.76128628125 0.2686499404296875 0.6630258271484375 0.185814814453125 0.5430138798828125
20 0.1612592587890625 0.2682229599609375 0.084409796875 0.30936035546875 0.127299880859375 0.3874762451171875 0.199528076171875 0.345252828125 0.1612592587890625 0.2682229599609375
25 0.9873046875 0.6552734375 0.0205078125 0.30859375
25 0.9873046875 0.33984375 0.0205078125 0.3115234375