22 0.7373046875 0.5419921875 0.173828125 0.4990234375
22 0.24609375 0.529296875 0.16796875 0.3193359375
16 0.4208984375 0.2685546875 0.1474609375 0.125
20 0.255859375 0.2939453125 0.0703125 0.0703125
18 0.5 0.5478515625 0.4375 0.5791015625
12 0.76171875 0.1865234375 0.064453125 0.0693359375
12 0.236328125 0.759765625 0.07421875 0.07421875
5 0.3369741728515625 0.7313500595703125 0.23871371875 0.8754038232421875 0.36252614453125 0.955511349609375 0.4569861201171875 0.814185185546875 0.3369741728515625 0.7313500595703125
20 0.654747171875 0.800471923828125 0.6125237548828125 0.872700119140625 0.69063964453125 0.915590203125 0.7317770400390625 0.8387407412109374 0.654747171875 0.800471923828125
25 0.3447265625 0.0126953125 0.30859375 0.0205078125
25 0.66015625 0.0126953125 0.3115234375 0.0205078125