22 0.4580078125 0.7373046875 0.4990234375 0.173828125
22 0.470703125 0.24609375 0.3193359375 0.16796875
16 0.7314453125 0.4208984375 0.125 0.1474609375
20 0.7060546875 0.255859375 0.0703125 0.0703125
18 0.4521484375 0.5 0.5791015625 0.4375
12 0.8134765625 0.76171875 0.0693359375 0.064453125
12 0.240234375 0.236328125 0.07421875 0.07421875
5 0.2686499404296875 0.3369741728515625 0.1245961767578125 0.23871371875 0.044488650390625 0.36252614453125 0.185814814453125 0.4569861201171875 0.2686499404296875 0.3369741728515625
20 0.199528076171875 0.654747171875 0.127299880859375 0.6125237548828125 0.084409796875 0.69063964453125 0.1612592587890625 0.7317770400390625 0.199528076171875 0.654747171875
25 0.9873046875 0.3447265625 0.0205078125 0.30859375
25 0.9873046875 0.66015625 0.0205078125 0.3115234375