6 0.705078125 0.63671875 0.20703125 0.205078125
0 0.1123046875 0.611328125 0.19140625 0.54296875
3 0.109375 0.2353515625 0.1884765625 0.2041015625
16 0.2880859375 0.482421875 0.087890625 0.208984375
7 0.4873046875 0.5234375 0.1904296875 0.2392578125
20 0.7373046875 0.49609375 0.12890625 0.078125
11 0.775390625 0.7646484375 0.0498046875 0.0419921875
20 0.677734375 0.7890625 0.0673828125 0.0673828125
5 0.5322265625 0.798828125 0.0849609375 0.119140625
5 0.3662109375 0.80078125 0.08984375 0.1142578125
20 0.44921875 0.7568359375 0.060546875 0.0654296875
18 0.5205078125 0.4990234375 0.4111328125 0.537109375
22 0.7373046875 0.3203125 0.1298828125 0.26953125
22 0.544921875 0.2568359375 0.2470703125 0.1279296875