6 0.294921875 0.36328125 0.20703125 0.205078125
0 0.8876953125 0.388671875 0.19140625 0.54296875
3 0.890625 0.7646484375 0.1884765625 0.2041015625
16 0.7119140625 0.517578125 0.087890625 0.208984375
7 0.5126953125 0.4765625 0.1904296875 0.2392578125
20 0.2626953125 0.50390625 0.12890625 0.078125
11 0.224609375 0.2353515625 0.0498046875 0.0419921875
20 0.322265625 0.2109375 0.0673828125 0.0673828125
5 0.4677734375 0.201171875 0.0849609375 0.119140625
5 0.6337890625 0.19921875 0.08984375 0.1142578125
20 0.55078125 0.2431640625 0.060546875 0.0654296875
18 0.4794921875 0.5009765625 0.4111328125 0.537109375
22 0.2626953125 0.6796875 0.1298828125 0.26953125
22 0.455078125 0.7431640625 0.2470703125 0.1279296875