22 0.7978515625 0.671875 0.12890625 0.33984375
22 0.4951171875 0.912109375 0.44140625 0.1259765625
20 0.2041015625 0.6787109375 0.0546875 0.0537109375
20 0.197265625 0.9169921875 0.09765625 0.0751953125
20 0.7998046875 0.916015625 0.09765625 0.0751953125
12 0.798828125 0.439453125 0.0947265625 0.087890625
0 0.5048828125 0.3642578125 0.31640625 0.103515625
7 0.4990234375 0.654296875 0.2041015625 0.1943359375
18 0.490234375 0.671875 0.45703125 0.3095703125
5 0.1943359375 0.7802734375 0.12109375 0.1083984375
5 0.19140625 0.5751953125 0.1171875 0.1103515625