22 0.328125 0.2021484375 0.33984375 0.12890625
22 0.087890625 0.5048828125 0.1259765625 0.44140625
20 0.3212890625 0.7958984375 0.0537109375 0.0546875
20 0.0830078125 0.802734375 0.0751953125 0.09765625
20 0.083984375 0.2001953125 0.0751953125 0.09765625
12 0.560546875 0.201171875 0.087890625 0.0947265625
0 0.6357421875 0.4951171875 0.103515625 0.31640625
7 0.345703125 0.5009765625 0.1943359375 0.2041015625
18 0.328125 0.509765625 0.3095703125 0.45703125
5 0.2197265625 0.8056640625 0.1083984375 0.12109375
5 0.4248046875 0.80859375 0.1103515625 0.1171875