16 0.5458984375 0.328125 0.123046875 0.1181640625
16 0.189453125 0.4296875 0.1162109375 0.119140625
16 0.189453125 0.5830078125 0.1220703125 0.1728515625
11 0.7666015625 0.3759765625 0.060546875 0.0615234375
20 0.140625 0.33203125 0.06640625 0.0615234375
11 0.2099609375 0.3359375 0.048828125 0.0478515625
7 0.3955078125 0.673828125 0.171875 0.197265625
3 0.9169921875 0.494140625 0.14453125 0.5263671875
6 0.634765625 0.4912109375 0.181640625 0.1904296875
16 0.6357421875 0.6552734375 0.17578125 0.125
22 0.3974609375 0.470703125 0.287109375 0.1611328125
18 0.4560546875 0.5263671875 0.701171875 0.56640625