10 0.029296875 0.2548828125 0.052734375 0.2451171875
11 0.8427734375 0.197265625 0.060546875 0.05078125
12 0.1630859375 0.7666015625 0.0869140625 0.0888671875
0 0.0400390625 0.5439453125 0.0751953125 0.3212890625
19 0.0400390625 0.763671875 0.07421875 0.107421875
16 0.6494140625 0.3203125 0.1298828125 0.1298828125
22 0.80859375 0.4306640625 0.177734375 0.3974609375
22 0.681640625 0.7236328125 0.4365234375 0.1806640625
18 0.6142578125 0.4794921875 0.3525390625 0.4521484375
5 0.1455078125 0.2392578125 0.1591796875 0.16015625
25 0.2099609375 0.12890625 0.2099609375 0.015625