4 0.318359375 0.86328125 0.2880859375 0.06640625
7 0.59375 0.470703125 0.2744140625 0.185546875
5 0.7628927080078125 0.15085625 0.6845010419921875 0.2995666669921875 0.8198177080078125 0.3662166669921875 0.897990625 0.2150479169921875 0.7628927080078125 0.15085625
12 0.0546875 0.3759765625 0.060546875 0.0546875
12 0.0478515625 0.3056640625 0.0498046875 0.0546875
18 0.4970703125 0.5009765625 0.728515625 0.6591796875
0 0.498046875 0.037109375 0.3349609375 0.0615234375
3 0.8310546875 0.037109375 0.3232421875 0.0634765625
22 0.24609375 0.4775390625 0.21484375 0.36328125
6 0.3173828125 0.7451171875 0.359375 0.162109375
22 0.6826171875 0.7734375 0.361328125 0.2177734375
3 0.236328125 0.037109375 0.1767578125 0.0625