4 0.13671875 0.318359375 0.06640625 0.2880859375
7 0.529296875 0.59375 0.185546875 0.2744140625
5 0.84914375 0.7628927080078125 0.7004333330078125 0.6845010419921875 0.6337833330078125 0.8198177080078125 0.7849520830078125 0.897990625 0.84914375 0.7628927080078125
12 0.6240234375 0.0546875 0.0546875 0.060546875
12 0.6943359375 0.0478515625 0.0546875 0.0498046875
18 0.4990234375 0.4970703125 0.6591796875 0.728515625
0 0.962890625 0.498046875 0.0615234375 0.3349609375
3 0.962890625 0.8310546875 0.0634765625 0.3232421875
22 0.5224609375 0.24609375 0.36328125 0.21484375
6 0.2548828125 0.3173828125 0.162109375 0.359375
22 0.2265625 0.6826171875 0.2177734375 0.361328125
3 0.962890625 0.236328125 0.0625 0.1767578125