22 0.798828125 0.6884765625 0.146484375 0.3037109375
18 0.56640625 0.330078125 0.4599609375 0.3271484375
18 0.453125 0.6884765625 0.5849609375 0.3828125
11 0.1435546875 0.1689453125 0.0732421875 0.07421875
5 0.1826171875 0.5498046875 0.1220703125 0.123046875
5 0.1796875 0.7548828125 0.123046875 0.1259765625
20 0.1884765625 0.65234375 0.0732421875 0.060546875
7 0.5166015625 0.625 0.2119140625 0.28125
22 0.798828125 0.3759765625 0.1416015625 0.244140625
22 0.673828125 0.181640625 0.388671875 0.1328125
6 0.3330078125 0.2353515625 0.2822265625 0.2392578125
25 0.890625 0.6826171875 0.01953125 0.4677734375