22 0.201171875 0.6884765625 0.146484375 0.3037109375
18 0.43359375 0.330078125 0.4599609375 0.3271484375
18 0.546875 0.6884765625 0.5849609375 0.3828125
11 0.8564453125 0.1689453125 0.0732421875 0.07421875
5 0.8173828125 0.5498046875 0.1220703125 0.123046875
5 0.8203125 0.7548828125 0.123046875 0.1259765625
20 0.8115234375 0.65234375 0.0732421875 0.060546875
7 0.4833984375 0.625 0.2119140625 0.28125
22 0.201171875 0.3759765625 0.1416015625 0.244140625
22 0.326171875 0.181640625 0.388671875 0.1328125
6 0.6669921875 0.2353515625 0.2822265625 0.2392578125
25 0.109375 0.6826171875 0.01953125 0.4677734375