22 0.3115234375 0.798828125 0.3037109375 0.146484375
18 0.669921875 0.56640625 0.3271484375 0.4599609375
18 0.3115234375 0.453125 0.3828125 0.5849609375
11 0.8310546875 0.1435546875 0.07421875 0.0732421875
5 0.4501953125 0.1826171875 0.123046875 0.1220703125
5 0.2451171875 0.1796875 0.1259765625 0.123046875
20 0.34765625 0.1884765625 0.060546875 0.0732421875
7 0.375 0.5166015625 0.28125 0.2119140625
22 0.6240234375 0.798828125 0.244140625 0.1416015625
22 0.818359375 0.673828125 0.1328125 0.388671875
6 0.7646484375 0.3330078125 0.2392578125 0.2822265625
25 0.3173828125 0.890625 0.4677734375 0.01953125