22 0.7119140625 0.4970703125 0.1923828125 0.48828125
22 0.5341796875 0.0986328125 0.001953125 0.0009765625
7 0.4501953125 0.37890625 0.107421875 0.2392578125
16 0.328125 0.6982421875 0.1943359375 0.1708984375
16 0.521484375 0.7001953125 0.181640625 0.1689453125
18 0.3349609375 0.5869140625 0.451171875 0.4423828125
11 0.7021484375 0.2158203125 0.06640625 0.0634765625
20 0.705078125 0.7685546875 0.1337890625 0.046875
0 0.0263671875 0.5673828125 0.046875 0.2763671875
12 0.1103515625 0.1455078125 0.0654296875 0.0576171875
18 0.5986328125 0.5146484375 0.5146484375 0.6611328125
24 0.951171875 0.44140625 0.083984375 0.640625
5 0.2392578125 0.1875 0.16015625 0.158203125
25 0.6162109375 0.1064453125 0.5673828125 0.0146484375