22 0.4970703125 0.2880859375 0.48828125 0.1923828125
22 0.0986328125 0.4658203125 0.0009765625 0.001953125
7 0.37890625 0.5498046875 0.2392578125 0.107421875
16 0.6982421875 0.671875 0.1708984375 0.1943359375
16 0.7001953125 0.478515625 0.1689453125 0.181640625
18 0.5869140625 0.6650390625 0.4423828125 0.451171875
11 0.2158203125 0.2978515625 0.0634765625 0.06640625
20 0.7685546875 0.294921875 0.046875 0.1337890625
0 0.5673828125 0.9736328125 0.2763671875 0.046875
12 0.1455078125 0.8896484375 0.0576171875 0.0654296875
18 0.5146484375 0.4013671875 0.6611328125 0.5146484375
24 0.44140625 0.048828125 0.640625 0.083984375
5 0.1875 0.7607421875 0.158203125 0.16015625
25 0.1064453125 0.3837890625 0.0146484375 0.5673828125