22 0.5029296875 0.7119140625 0.48828125 0.1923828125
22 0.9013671875 0.5341796875 0.0009765625 0.001953125
7 0.62109375 0.4501953125 0.2392578125 0.107421875
16 0.3017578125 0.328125 0.1708984375 0.1943359375
16 0.2998046875 0.521484375 0.1689453125 0.181640625
18 0.4130859375 0.3349609375 0.4423828125 0.451171875
11 0.7841796875 0.7021484375 0.0634765625 0.06640625
20 0.2314453125 0.705078125 0.046875 0.1337890625
0 0.4326171875 0.0263671875 0.2763671875 0.046875
12 0.8544921875 0.1103515625 0.0576171875 0.0654296875
18 0.4853515625 0.5986328125 0.6611328125 0.5146484375
24 0.55859375 0.951171875 0.640625 0.083984375
5 0.8125 0.2392578125 0.158203125 0.16015625
25 0.8935546875 0.6162109375 0.0146484375 0.5673828125