22 0.8564453125 0.5068359375 0.142578125 0.2158203125
20 0.38671875 0.373046875 0.033203125 0.1669921875
20 0.83984375 0.6376953125 0.11328125 0.0302734375
7 0.6669921875 0.5146484375 0.1494140625 0.1474609375
7 0.4990234375 0.58984375 0.1796875 0.10546875
5 0.3076171875 0.56640625 0.1025390625 0.091796875
5 0.306640625 0.6650390625 0.0986328125 0.09375
9 0.0498046875 0.498046875 0.0986328125 0.37109375
5 0.150390625 0.396484375 0.0927734375 0.095703125
5 0.146484375 0.498046875 0.0859375 0.0810546875
5 0.14453125 0.595703125 0.0859375 0.087890625
20 0.8525390625 0.33984375 0.08203125 0.095703125
18 0.611328125 0.390625 0.53515625 0.205078125
18 0.740234375 0.4853515625 0.2099609375 0.4033203125
18 0.46484375 0.603515625 0.3310546875 0.2060546875
6 0.4716796875 0.3642578125 0.1220703125 0.185546875
22 0.63671875 0.3349609375 0.2021484375 0.126953125
16 0.7744140625 0.326171875 0.0654296875 0.078125
25 0.9912109375 0.373046875 0.013671875 0.244140625
25 0.9921875 0.623046875 0.0146484375 0.2529296875