22 0.8310546875 0.3505859375 0.17578125 0.3603515625
7 0.525390625 0.4091796875 0.248046875 0.1845703125
3 0.646484375 0.869140625 0.439453125 0.0224609375
11 0.9560546875 0.244140625 0.05078125 0.0537109375
4 0.966796875 0.7724609375 0.06640625 0.21484375
5 0.2294921875 0.2666015625 0.125 0.1171875
5 0.2294921875 0.4345703125 0.1220703125 0.115234375
7 0.3251953125 0.3564453125 0.048828125 0.05859375
11 0.228515625 0.3515625 0.0400390625 0.041015625
6 0.2998046875 0.728515625 0.203125 0.2412109375
20 0.4775390625 0.7578125 0.1328125 0.1484375
22 0.7314453125 0.76171875 0.365234375 0.18359375
18 0.560546875 0.505859375 0.732421875 0.6904296875
25 0.0107421875 0.3037109375 0.01953125 0.3642578125
25 0.01171875 0.685546875 0.01953125 0.38671875