22 0.1689453125 0.3505859375 0.17578125 0.3603515625
7 0.474609375 0.4091796875 0.248046875 0.1845703125
3 0.353515625 0.869140625 0.439453125 0.0224609375
11 0.0439453125 0.244140625 0.05078125 0.0537109375
4 0.033203125 0.7724609375 0.06640625 0.21484375
5 0.7705078125 0.2666015625 0.125 0.1171875
5 0.7705078125 0.4345703125 0.1220703125 0.115234375
7 0.6748046875 0.3564453125 0.048828125 0.05859375
11 0.771484375 0.3515625 0.0400390625 0.041015625
6 0.7001953125 0.728515625 0.203125 0.2412109375
20 0.5224609375 0.7578125 0.1328125 0.1484375
22 0.2685546875 0.76171875 0.365234375 0.18359375
18 0.439453125 0.505859375 0.732421875 0.6904296875
25 0.9892578125 0.3037109375 0.01953125 0.3642578125
25 0.98828125 0.685546875 0.01953125 0.38671875