0 0.474609375 0.8671875 0.4921875 0.064453125
5 0.8203125 0.6513671875 0.185546875 0.171875
12 0.880859375 0.7958984375 0.0751953125 0.0849609375
7 0.5546875 0.5361328125 0.1923828125 0.2607421875
5 0.8232421875 0.4638671875 0.18359375 0.1669921875
18 0.5068359375 0.44921875 0.7158203125 0.595703125
16 0.2548828125 0.642578125 0.205078125 0.1953125
22 0.2490234375 0.328125 0.212890625 0.419921875
22 0.5654296875 0.21875 0.408203125 0.197265625
11 0.126953125 0.70703125 0.0302734375 0.0400390625
25 0.013671875 0.4423828125 0.0224609375 0.685546875