0 0.1328125 0.474609375 0.064453125 0.4921875
5 0.3486328125 0.8203125 0.171875 0.185546875
12 0.2041015625 0.880859375 0.0849609375 0.0751953125
7 0.4638671875 0.5546875 0.2607421875 0.1923828125
5 0.5361328125 0.8232421875 0.1669921875 0.18359375
18 0.55078125 0.5068359375 0.595703125 0.7158203125
16 0.357421875 0.2548828125 0.1953125 0.205078125
22 0.671875 0.2490234375 0.419921875 0.212890625
22 0.78125 0.5654296875 0.197265625 0.408203125
11 0.29296875 0.126953125 0.0400390625 0.0302734375
25 0.5576171875 0.013671875 0.685546875 0.0224609375