22 0.4970703125 0.796875 0.4462890625 0.150390625
22 0.49609375 0.2138671875 0.4287109375 0.166015625
22 0.8564453125 0.4931640625 0.1787109375 0.3759765625
18 0.498046875 0.505859375 0.458984375 0.396484375
7 0.484375 0.359375 0.1796875 0.0830078125
7 0.697265625 0.490234375 0.0849609375 0.177734375
7 0.4853515625 0.63671875 0.1806640625 0.08203125
16 0.1875 0.509765625 0.0986328125 0.0986328125
20 0.2451171875 0.2177734375 0.068359375 0.0703125
20 0.7568359375 0.220703125 0.0693359375 0.0712890625
20 0.966796875 0.501953125 0.03515625 0.302734375
20 0.236328125 0.8056640625 0.0703125 0.083984375
20 0.7666015625 0.8154296875 0.0693359375 0.078125
5 0.16015625 0.322265625 0.169921875 0.1240234375
5 0.1591796875 0.68359375 0.1845703125 0.1357421875
25 0.0078125 0.322265625 0.015625 0.181640625
25 0.0078125 0.4970703125 0.015625 0.1650390625
25 0.0078125 0.177734375 0.0146484375 0.1044921875
25 0.0078125 0.66796875 0.0146484375 0.1689453125
25 0.0078125 0.8134765625 0.0146484375 0.119140625