22 0.203125 0.5029296875 0.150390625 0.4462890625
22 0.7861328125 0.50390625 0.166015625 0.4287109375
22 0.5068359375 0.1435546875 0.3759765625 0.1787109375
18 0.494140625 0.501953125 0.396484375 0.458984375
7 0.640625 0.515625 0.0830078125 0.1796875
7 0.509765625 0.302734375 0.177734375 0.0849609375
7 0.36328125 0.5146484375 0.08203125 0.1806640625
16 0.490234375 0.8125 0.0986328125 0.0986328125
20 0.7822265625 0.7548828125 0.0703125 0.068359375
20 0.779296875 0.2431640625 0.0712890625 0.0693359375
20 0.498046875 0.033203125 0.302734375 0.03515625
20 0.1943359375 0.763671875 0.083984375 0.0703125
20 0.1845703125 0.2333984375 0.078125 0.0693359375
5 0.677734375 0.83984375 0.1240234375 0.169921875
5 0.31640625 0.8408203125 0.1357421875 0.1845703125
25 0.677734375 0.9921875 0.181640625 0.015625
25 0.5029296875 0.9921875 0.1650390625 0.015625
25 0.822265625 0.9921875 0.1044921875 0.0146484375
25 0.33203125 0.9921875 0.1689453125 0.0146484375
25 0.1865234375 0.9921875 0.119140625 0.0146484375