22 0.4716796875 0.1962890625 0.244140625 0.150390625
22 0.470703125 0.8056640625 0.2373046875 0.1435546875
18 0.4755859375 0.400390625 0.1982421875 0.171875
5 0.732421875 0.5654296875 0.138671875 0.1279296875
3 0.7294921875 0.798828125 0.1865234375 0.1962890625
12 0.767578125 0.2607421875 0.0517578125 0.05859375
12 0.2275390625 0.82421875 0.0380859375 0.04296875
12 0.2158203125 0.482421875 0.041015625 0.0390625
12 0.21484375 0.5244140625 0.0400390625 0.0361328125
20 0.26953125 0.201171875 0.109375 0.1123046875
7 0.474609375 0.5693359375 0.1640625 0.10546875
20 0.298828125 0.8046875 0.09375 0.095703125
19 0.4736328125 0.087890625 0.2861328125 0.05859375
25 0.125 0.6591796875 0.015625 0.1533203125
25 0.1240234375 0.3671875 0.015625 0.1201171875
25 0.1240234375 0.2177734375 0.015625 0.1728515625
25 0.8681640625 0.35546875 0.017578125 0.146484375