22 0.8037109375 0.4716796875 0.150390625 0.244140625
22 0.1943359375 0.470703125 0.1435546875 0.2373046875
18 0.599609375 0.4755859375 0.171875 0.1982421875
5 0.4345703125 0.732421875 0.1279296875 0.138671875
3 0.201171875 0.7294921875 0.1962890625 0.1865234375
12 0.7392578125 0.767578125 0.05859375 0.0517578125
12 0.17578125 0.2275390625 0.04296875 0.0380859375
12 0.517578125 0.2158203125 0.0390625 0.041015625
12 0.4755859375 0.21484375 0.0361328125 0.0400390625
20 0.798828125 0.26953125 0.1123046875 0.109375
7 0.4306640625 0.474609375 0.10546875 0.1640625
20 0.1953125 0.298828125 0.095703125 0.09375
19 0.912109375 0.4736328125 0.05859375 0.2861328125
25 0.3408203125 0.125 0.1533203125 0.015625
25 0.6328125 0.1240234375 0.1201171875 0.015625
25 0.7822265625 0.1240234375 0.1728515625 0.015625
25 0.64453125 0.8681640625 0.146484375 0.017578125