5 0.7802734375 0.666015625 0.041015625 0.0703125
5 0.703125 0.744140625 0.0751953125 0.048828125
9 0.70703125 0.6240234375 0.107421875 0.193359375
5 0.630859375 0.6650390625 0.0458984375 0.07421875
5 0.783203125 0.5859375 0.04296875 0.0703125
5 0.6298828125 0.5849609375 0.046875 0.0732421875
5 0.705078125 0.5029296875 0.0732421875 0.046875
12 0.07421875 0.3876953125 0.064453125 0.0654296875
19 0.94921875 0.4228515625 0.0244140625 0.1123046875
21 0.0654296875 0.5966796875 0.0517578125 0.2802734375
20 0.3466796875 0.734375 0.0458984375 0.0458984375
7 0.3369140625 0.603515625 0.099609375 0.16015625
18 0.349609375 0.5830078125 0.2509765625 0.3466796875
22 0.4912109375 0.5791015625 0.1064453125 0.2216796875
22 0.4599609375 0.7353515625 0.171875 0.0830078125
12 0.623046875 0.3486328125 0.08984375 0.025390625
12 0.74609375 0.3486328125 0.0888671875 0.0234375
25 0.9482421875 0.53125 0.01953125 0.08984375
25 0.9482421875 0.6337890625 0.01953125 0.107421875
25 0.94921875 0.740234375 0.0185546875 0.0986328125