5 0.666015625 0.2197265625 0.0703125 0.041015625
5 0.744140625 0.296875 0.048828125 0.0751953125
9 0.6240234375 0.29296875 0.193359375 0.107421875
5 0.6650390625 0.369140625 0.07421875 0.0458984375
5 0.5859375 0.216796875 0.0703125 0.04296875
5 0.5849609375 0.3701171875 0.0732421875 0.046875
5 0.5029296875 0.294921875 0.046875 0.0732421875
12 0.3876953125 0.92578125 0.0654296875 0.064453125
19 0.4228515625 0.05078125 0.1123046875 0.0244140625
21 0.5966796875 0.9345703125 0.2802734375 0.0517578125
20 0.734375 0.6533203125 0.0458984375 0.0458984375
7 0.603515625 0.6630859375 0.16015625 0.099609375
18 0.5830078125 0.650390625 0.3466796875 0.2509765625
22 0.5791015625 0.5087890625 0.2216796875 0.1064453125
22 0.7353515625 0.5400390625 0.0830078125 0.171875
12 0.3486328125 0.376953125 0.025390625 0.08984375
12 0.3486328125 0.25390625 0.0234375 0.0888671875
25 0.53125 0.0517578125 0.08984375 0.01953125
25 0.6337890625 0.0517578125 0.107421875 0.01953125
25 0.740234375 0.05078125 0.0986328125 0.0185546875