22 0.6279296875 0.6982421875 0.34765625 0.1572265625
5 0.8955078125 0.5 0.1552734375 0.119140625
20 0.87109375 0.6572265625 0.0556640625 0.0517578125
7 0.6533203125 0.494140625 0.2177734375 0.08984375
0 0.6337890625 0.3291015625 0.259765625 0.0654296875
21 0.2041015625 0.3212890625 0.318359375 0.068359375
12 0.3828125 0.708984375 0.052734375 0.048828125
5 0.0615234375 0.4873046875 0.068359375 0.0830078125
5 0.28515625 0.486328125 0.0576171875 0.080078125
5 0.28515625 0.6865234375 0.056640625 0.087890625
5 0.28515625 0.5849609375 0.056640625 0.0810546875
5 0.0615234375 0.5859375 0.0673828125 0.083984375
5 0.0615234375 0.6884765625 0.06640625 0.0859375
18 0.615234375 0.50390625 0.3974609375 0.203125
9 0.1787109375 0.5888671875 0.146484375 0.361328125
11 0.876953125 0.3515625 0.083984375 0.076171875
13 0.4345703125 0.3388671875 0.03515625 0.0322265625
25 0.9912109375 0.650390625 0.0166015625 0.2568359375
25 0.9912109375 0.400390625 0.015625 0.236328125