7 0.49609375 0.4130859375 0.13671875 0.13671875
9 0.669921875 0.7529296875 0.1572265625 0.2607421875
5 0.7861328125 0.68359375 0.0654296875 0.087890625
5 0.78515625 0.7978515625 0.06640625 0.0888671875
5 0.55859375 0.6845703125 0.0615234375 0.08984375
5 0.55859375 0.798828125 0.0576171875 0.087890625
0 0.8154296875 0.3271484375 0.03125 0.3896484375
16 0.5341796875 0.21875 0.1611328125 0.171875
6 0.322265625 0.197265625 0.2509765625 0.1923828125
22 0.294921875 0.4462890625 0.1953125 0.296875
18 0.490234375 0.3759765625 0.345703125 0.388671875
25 0.6845703125 0.0087890625 0.296875 0.017578125
25 0.3505859375 0.009765625 0.36328125 0.017578125