7 0.5869140625 0.49609375 0.13671875 0.13671875
9 0.2470703125 0.669921875 0.2607421875 0.1572265625
5 0.31640625 0.7861328125 0.087890625 0.0654296875
5 0.2021484375 0.78515625 0.0888671875 0.06640625
5 0.3154296875 0.55859375 0.08984375 0.0615234375
5 0.201171875 0.55859375 0.087890625 0.0576171875
0 0.6728515625 0.8154296875 0.3896484375 0.03125
16 0.78125 0.5341796875 0.171875 0.1611328125
6 0.802734375 0.322265625 0.1923828125 0.2509765625
22 0.5537109375 0.294921875 0.296875 0.1953125
18 0.6240234375 0.490234375 0.388671875 0.345703125
25 0.9912109375 0.6845703125 0.017578125 0.296875
25 0.990234375 0.3505859375 0.017578125 0.36328125