7 0.4130859375 0.50390625 0.13671875 0.13671875
9 0.7529296875 0.330078125 0.2607421875 0.1572265625
5 0.68359375 0.2138671875 0.087890625 0.0654296875
5 0.7978515625 0.21484375 0.0888671875 0.06640625
5 0.6845703125 0.44140625 0.08984375 0.0615234375
5 0.798828125 0.44140625 0.087890625 0.0576171875
0 0.3271484375 0.1845703125 0.3896484375 0.03125
16 0.21875 0.4658203125 0.171875 0.1611328125
6 0.197265625 0.677734375 0.1923828125 0.2509765625
22 0.4462890625 0.705078125 0.296875 0.1953125
18 0.3759765625 0.509765625 0.388671875 0.345703125
25 0.0087890625 0.3154296875 0.017578125 0.296875
25 0.009765625 0.6494140625 0.017578125 0.36328125