12 0.7744140625 0.1298828125 0.095703125 0.115234375
5 0.2783203125 0.2119140625 0.0810546875 0.0771484375
23 0.275390625 0.390625 0.0791015625 0.0732421875
5 0.3701171875 0.2421875 0.0498046875 0.0732421875
9 0.5361328125 0.2451171875 0.2841796875 0.15234375
14 0.1572265625 0.29296875 0.1416015625 0.2958984375
7 0.638671875 0.580078125 0.125 0.1953125
5 0.48046875 0.34375 0.0859375 0.04296875
5 0.59375 0.3447265625 0.08984375 0.044921875
5 0.4814453125 0.146484375 0.078125 0.037109375
5 0.5908203125 0.14453125 0.078125 0.037109375
5 0.701171875 0.2373046875 0.0498046875 0.078125
16 0.751953125 0.4267578125 0.0810546875 0.0732421875
0 0.8837890625 0.4638671875 0.06640625 0.83984375
22 0.5234375 0.8212890625 0.31640625 0.150390625
22 0.4384765625 0.609375 0.1474609375 0.2666015625
5 0.27734375 0.2998046875 0.0791015625 0.0751953125
25 0.2001953125 0.013671875 0.228515625 0.0234375
25 0.435546875 0.013671875 0.2333984375 0.0244140625
25 0.701171875 0.0126953125 0.2880859375 0.0234375