12 0.1298828125 0.2255859375 0.115234375 0.095703125
5 0.2119140625 0.7216796875 0.0771484375 0.0810546875
23 0.390625 0.724609375 0.0732421875 0.0791015625
5 0.2421875 0.6298828125 0.0732421875 0.0498046875
9 0.2451171875 0.4638671875 0.15234375 0.2841796875
14 0.29296875 0.8427734375 0.2958984375 0.1416015625
7 0.580078125 0.361328125 0.1953125 0.125
5 0.34375 0.51953125 0.04296875 0.0859375
5 0.3447265625 0.40625 0.044921875 0.08984375
5 0.146484375 0.5185546875 0.037109375 0.078125
5 0.14453125 0.4091796875 0.037109375 0.078125
5 0.2373046875 0.298828125 0.078125 0.0498046875
16 0.4267578125 0.248046875 0.0732421875 0.0810546875
0 0.4638671875 0.1162109375 0.83984375 0.06640625
22 0.8212890625 0.4765625 0.150390625 0.31640625
22 0.609375 0.5615234375 0.2666015625 0.1474609375
5 0.2998046875 0.72265625 0.0751953125 0.0791015625
25 0.013671875 0.7998046875 0.0234375 0.228515625
25 0.013671875 0.564453125 0.0244140625 0.2333984375
25 0.0126953125 0.298828125 0.0234375 0.2880859375