12 0.8701171875 0.7744140625 0.115234375 0.095703125
5 0.7880859375 0.2783203125 0.0771484375 0.0810546875
23 0.609375 0.275390625 0.0732421875 0.0791015625
5 0.7578125 0.3701171875 0.0732421875 0.0498046875
9 0.7548828125 0.5361328125 0.15234375 0.2841796875
14 0.70703125 0.1572265625 0.2958984375 0.1416015625
7 0.419921875 0.638671875 0.1953125 0.125
5 0.65625 0.48046875 0.04296875 0.0859375
5 0.6552734375 0.59375 0.044921875 0.08984375
5 0.853515625 0.4814453125 0.037109375 0.078125
5 0.85546875 0.5908203125 0.037109375 0.078125
5 0.7626953125 0.701171875 0.078125 0.0498046875
16 0.5732421875 0.751953125 0.0732421875 0.0810546875
0 0.5361328125 0.8837890625 0.83984375 0.06640625
22 0.1787109375 0.5234375 0.150390625 0.31640625
22 0.390625 0.4384765625 0.2666015625 0.1474609375
5 0.7001953125 0.27734375 0.0751953125 0.0791015625
25 0.986328125 0.2001953125 0.0234375 0.228515625
25 0.986328125 0.435546875 0.0244140625 0.2333984375
25 0.9873046875 0.701171875 0.0234375 0.2880859375