22 0.7705078125 0.6611328125 0.1708984375 0.1220703125
0 0.9423828125 0.509765625 0.107421875 0.2919921875
7 0.6728515625 0.509765625 0.083984375 0.0810546875
11 0.5615234375 0.70703125 0.0224609375 0.025390625
9 0.3125 0.5009765625 0.091796875 0.208984375
5 0.3876953125 0.5732421875 0.0498046875 0.06640625
5 0.3876953125 0.5009765625 0.0478515625 0.060546875
5 0.390625 0.4306640625 0.0478515625 0.060546875
5 0.2392578125 0.57421875 0.044921875 0.06640625
5 0.23828125 0.501953125 0.04296875 0.064453125
5 0.236328125 0.4326171875 0.0458984375 0.0615234375
16 0.6318359375 0.6572265625 0.0986328125 0.1123046875
6 0.79296875 0.3828125 0.115234375 0.1748046875
22 0.646484375 0.357421875 0.1708984375 0.123046875
25 0.7724609375 0.775390625 0.33984375 0.01171875