22 0.2294921875 0.3388671875 0.1708984375 0.1220703125
0 0.0576171875 0.490234375 0.107421875 0.2919921875
7 0.3271484375 0.490234375 0.083984375 0.0810546875
11 0.4384765625 0.29296875 0.0224609375 0.025390625
9 0.6875 0.4990234375 0.091796875 0.208984375
5 0.6123046875 0.4267578125 0.0498046875 0.06640625
5 0.6123046875 0.4990234375 0.0478515625 0.060546875
5 0.609375 0.5693359375 0.0478515625 0.060546875
5 0.7607421875 0.42578125 0.044921875 0.06640625
5 0.76171875 0.498046875 0.04296875 0.064453125
5 0.763671875 0.5673828125 0.0458984375 0.0615234375
16 0.3681640625 0.3427734375 0.0986328125 0.1123046875
6 0.20703125 0.6171875 0.115234375 0.1748046875
22 0.353515625 0.642578125 0.1708984375 0.123046875
25 0.2275390625 0.224609375 0.33984375 0.01171875