22 0.3388671875 0.7705078125 0.1220703125 0.1708984375
0 0.490234375 0.9423828125 0.2919921875 0.107421875
7 0.490234375 0.6728515625 0.0810546875 0.083984375
11 0.29296875 0.5615234375 0.025390625 0.0224609375
9 0.4990234375 0.3125 0.208984375 0.091796875
5 0.4267578125 0.3876953125 0.06640625 0.0498046875
5 0.4990234375 0.3876953125 0.060546875 0.0478515625
5 0.5693359375 0.390625 0.060546875 0.0478515625
5 0.42578125 0.2392578125 0.06640625 0.044921875
5 0.498046875 0.23828125 0.064453125 0.04296875
5 0.5673828125 0.236328125 0.0615234375 0.0458984375
16 0.3427734375 0.6318359375 0.1123046875 0.0986328125
6 0.6171875 0.79296875 0.1748046875 0.115234375
22 0.642578125 0.646484375 0.123046875 0.1708984375
25 0.224609375 0.7724609375 0.01171875 0.33984375