22 0.3828125 0.5576171875 0.0927734375 0.1865234375
9 0.5302734375 0.2373046875 0.1962890625 0.103515625
5 0.4189453125 0.2421875 0.021484375 0.0546875
5 0.501953125 0.3076171875 0.0390625 0.0283203125
5 0.576171875 0.30859375 0.044921875 0.029296875
5 0.5732421875 0.171875 0.0419921875 0.0244140625
5 0.4990234375 0.1728515625 0.044921875 0.0205078125
12 0.359375 0.41015625 0.0224609375 0.0234375
18 0.470703125 0.5634765625 0.1943359375 0.34375
7 0.5 0.5556640625 0.0703125 0.12890625
4 0.35546875 0.703125 0.056640625 0.0673828125
12 0.357421875 0.76171875 0.0322265625 0.0302734375
0 0.6708984375 0.494140625 0.0595703125 0.2568359375
3 0.669921875 0.744140625 0.0595703125 0.234375
25 0.4541015625 0.8740234375 0.107421875 0.0185546875
25 0.5654296875 0.8740234375 0.109375 0.017578125