22 0.4423828125 0.6171875 0.1865234375 0.0927734375
9 0.7626953125 0.4697265625 0.103515625 0.1962890625
5 0.7578125 0.5810546875 0.0546875 0.021484375
5 0.6923828125 0.498046875 0.0283203125 0.0390625
5 0.69140625 0.423828125 0.029296875 0.044921875
5 0.828125 0.4267578125 0.0244140625 0.0419921875
5 0.8271484375 0.5009765625 0.0205078125 0.044921875
12 0.58984375 0.640625 0.0234375 0.0224609375
18 0.4365234375 0.529296875 0.34375 0.1943359375
7 0.4443359375 0.5 0.12890625 0.0703125
4 0.296875 0.64453125 0.0673828125 0.056640625
12 0.23828125 0.642578125 0.0302734375 0.0322265625
0 0.505859375 0.3291015625 0.2568359375 0.0595703125
3 0.255859375 0.330078125 0.234375 0.0595703125
25 0.1259765625 0.5458984375 0.0185546875 0.107421875
25 0.1259765625 0.4345703125 0.017578125 0.109375