22 0.5576171875 0.3828125 0.1865234375 0.0927734375
9 0.2373046875 0.5302734375 0.103515625 0.1962890625
5 0.2421875 0.4189453125 0.0546875 0.021484375
5 0.3076171875 0.501953125 0.0283203125 0.0390625
5 0.30859375 0.576171875 0.029296875 0.044921875
5 0.171875 0.5732421875 0.0244140625 0.0419921875
5 0.1728515625 0.4990234375 0.0205078125 0.044921875
12 0.41015625 0.359375 0.0234375 0.0224609375
18 0.5634765625 0.470703125 0.34375 0.1943359375
7 0.5556640625 0.5 0.12890625 0.0703125
4 0.703125 0.35546875 0.0673828125 0.056640625
12 0.76171875 0.357421875 0.0302734375 0.0322265625
0 0.494140625 0.6708984375 0.2568359375 0.0595703125
3 0.744140625 0.669921875 0.234375 0.0595703125
25 0.8740234375 0.4541015625 0.0185546875 0.107421875
25 0.8740234375 0.5654296875 0.017578125 0.109375