22 0.4990234375 0.2998046875 0.53515625 0.240234375
16 0.099609375 0.5 0.12109375 0.1796875
19 0.884765625 0.1103515625 0.2294921875 0.109375
19 0.1162109375 0.1123046875 0.23046875 0.1123046875
18 0.37109375 0.6396484375 0.4609375 0.32421875
7 0.220703125 0.6572265625 0.154296875 0.15234375
16 0.0986328125 0.8203125 0.1220703125 0.1845703125
18 0.671875 0.7880859375 0.3828125 0.2705078125
7 0.7275390625 0.5390625 0.2197265625 0.2109375
25 0.009765625 0.337890625 0.0185546875 0.2197265625
25 0.0107421875 0.6728515625 0.0185546875 0.203125
25 0.01171875 0.9501953125 0.0205078125 0.099609375
25 0.990234375 0.40234375 0.015625 0.3759765625
25 0.990234375 0.7978515625 0.0166015625 0.404296875