22 0.2998046875 0.5009765625 0.240234375 0.53515625
16 0.5 0.900390625 0.1796875 0.12109375
19 0.1103515625 0.115234375 0.109375 0.2294921875
19 0.1123046875 0.8837890625 0.1123046875 0.23046875
18 0.6396484375 0.62890625 0.32421875 0.4609375
7 0.6572265625 0.779296875 0.15234375 0.154296875
16 0.8203125 0.9013671875 0.1845703125 0.1220703125
18 0.7880859375 0.328125 0.2705078125 0.3828125
7 0.5390625 0.2724609375 0.2109375 0.2197265625
25 0.337890625 0.990234375 0.2197265625 0.0185546875
25 0.6728515625 0.9892578125 0.203125 0.0185546875
25 0.9501953125 0.98828125 0.099609375 0.0205078125
25 0.40234375 0.009765625 0.3759765625 0.015625
25 0.7978515625 0.009765625 0.404296875 0.0166015625