11 0.2978515625 0.4140625 0.05859375 0.064453125
7 0.5087890625 0.216796875 0.1650390625 0.083984375
18 0.560546875 0.27734375 0.421875 0.2216796875
0 0.6123046875 0.0634765625 0.515625 0.1162109375
15 0.5126953125 0.94921875 0.7216796875 0.095703125
12 0.8154296875 0.6513671875 0.09765625 0.0849609375
12 0.8173828125 0.5244140625 0.09375 0.078125
9 0.5322265625 0.72265625 0.4326171875 0.1806640625
5 0.6572265625 0.5908203125 0.0810546875 0.07421875
5 0.56640625 0.58984375 0.0859375 0.0751953125
5 0.4755859375 0.591796875 0.080078125 0.07421875
5 0.384765625 0.5927734375 0.0791015625 0.072265625
22 0.5849609375 0.4013671875 0.4716796875 0.12890625
16 0.7548828125 0.291015625 0.125 0.083984375
25 0.86328125 0.8134765625 0.017578125 0.15234375
20 0.8505859375 0.291015625 0.044921875 0.0546875