11 0.5859375 0.2978515625 0.064453125 0.05859375
7 0.783203125 0.5087890625 0.083984375 0.1650390625
18 0.72265625 0.560546875 0.2216796875 0.421875
0 0.9365234375 0.6123046875 0.1162109375 0.515625
15 0.05078125 0.5126953125 0.095703125 0.7216796875
12 0.3486328125 0.8154296875 0.0849609375 0.09765625
12 0.4755859375 0.8173828125 0.078125 0.09375
9 0.27734375 0.5322265625 0.1806640625 0.4326171875
5 0.4091796875 0.6572265625 0.07421875 0.0810546875
5 0.41015625 0.56640625 0.0751953125 0.0859375
5 0.408203125 0.4755859375 0.07421875 0.080078125
5 0.4072265625 0.384765625 0.072265625 0.0791015625
22 0.5986328125 0.5849609375 0.12890625 0.4716796875
16 0.708984375 0.7548828125 0.083984375 0.125
25 0.1865234375 0.86328125 0.15234375 0.017578125
20 0.708984375 0.8505859375 0.0546875 0.044921875