11 0.7021484375 0.5859375 0.05859375 0.064453125
7 0.4912109375 0.783203125 0.1650390625 0.083984375
18 0.439453125 0.72265625 0.421875 0.2216796875
0 0.3876953125 0.9365234375 0.515625 0.1162109375
15 0.4873046875 0.05078125 0.7216796875 0.095703125
12 0.1845703125 0.3486328125 0.09765625 0.0849609375
12 0.1826171875 0.4755859375 0.09375 0.078125
9 0.4677734375 0.27734375 0.4326171875 0.1806640625
5 0.3427734375 0.4091796875 0.0810546875 0.07421875
5 0.43359375 0.41015625 0.0859375 0.0751953125
5 0.5244140625 0.408203125 0.080078125 0.07421875
5 0.615234375 0.4072265625 0.0791015625 0.072265625
22 0.4150390625 0.5986328125 0.4716796875 0.12890625
16 0.2451171875 0.708984375 0.125 0.083984375
25 0.13671875 0.1865234375 0.017578125 0.15234375
20 0.1494140625 0.708984375 0.044921875 0.0546875