5 0.59765625 0.4228515625 0.0703125 0.072265625
5 0.4091796875 0.41796875 0.046875 0.052734375
5 0.255859375 0.4169921875 0.05078125 0.05078125
5 0.2490234375 0.58203125 0.056640625 0.0546875
5 0.32421875 0.4169921875 0.048828125 0.05078125
5 0.40234375 0.58203125 0.052734375 0.0546875
5 0.59765625 0.5361328125 0.07421875 0.06640625
5 0.333984375 0.58203125 0.0546875 0.0546875
9 0.326171875 0.5029296875 0.205078125 0.0888671875
18 0.7421875 0.50390625 0.162109375 0.16015625
7 0.7421875 0.501953125 0.0859375 0.08203125
22 0.8193359375 0.3623046875 0.21484375 0.0693359375
22 0.8857421875 0.4794921875 0.0791015625 0.1533203125
20 0.87890625 0.576171875 0.0595703125 0.03125
6 0.859375 0.6484375 0.1484375 0.1064453125
25 0.09375 0.173828125 0.1845703125 0.0126953125
25 0.287109375 0.1748046875 0.2001953125 0.0126953125
25 0.4892578125 0.17578125 0.19921875 0.0126953125
25 0.69140625 0.17578125 0.1982421875 0.0126953125
25 0.896484375 0.17578125 0.205078125 0.013671875
23 0.134765625 0.423828125 0.029296875 0.0390625
23 0.13671875 0.4853515625 0.029296875 0.03515625
23 0.134765625 0.5390625 0.02734375 0.0361328125
23 0.1337890625 0.6064453125 0.03125 0.041015625
1 0.072265625 0.52734375 0.05859375 0.244140625
25 0.3076171875 0.8203125 0.193359375 0.01953125
25 0.1083984375 0.8203125 0.1982421875 0.0185546875
25 0.990234375 0.3623046875 0.0146484375 0.1435546875
25 0.9912109375 0.5087890625 0.0146484375 0.14453125
25 0.990234375 0.6572265625 0.0146484375 0.1484375