5 0.4228515625 0.40234375 0.072265625 0.0703125
5 0.41796875 0.5908203125 0.052734375 0.046875
5 0.4169921875 0.744140625 0.05078125 0.05078125
5 0.58203125 0.7509765625 0.0546875 0.056640625
5 0.4169921875 0.67578125 0.05078125 0.048828125
5 0.58203125 0.59765625 0.0546875 0.052734375
5 0.5361328125 0.40234375 0.06640625 0.07421875
5 0.58203125 0.666015625 0.0546875 0.0546875
9 0.5029296875 0.673828125 0.0888671875 0.205078125
18 0.50390625 0.2578125 0.16015625 0.162109375
7 0.501953125 0.2578125 0.08203125 0.0859375
22 0.3623046875 0.1806640625 0.0693359375 0.21484375
22 0.4794921875 0.1142578125 0.1533203125 0.0791015625
20 0.576171875 0.12109375 0.03125 0.0595703125
6 0.6484375 0.140625 0.1064453125 0.1484375
25 0.173828125 0.90625 0.0126953125 0.1845703125
25 0.1748046875 0.712890625 0.0126953125 0.2001953125
25 0.17578125 0.5107421875 0.0126953125 0.19921875
25 0.17578125 0.30859375 0.0126953125 0.1982421875
25 0.17578125 0.103515625 0.013671875 0.205078125
23 0.423828125 0.865234375 0.0390625 0.029296875
23 0.4853515625 0.86328125 0.03515625 0.029296875
23 0.5390625 0.865234375 0.0361328125 0.02734375
23 0.6064453125 0.8662109375 0.041015625 0.03125
1 0.52734375 0.927734375 0.244140625 0.05859375
25 0.8203125 0.6923828125 0.01953125 0.193359375
25 0.8203125 0.8916015625 0.0185546875 0.1982421875
25 0.3623046875 0.009765625 0.1435546875 0.0146484375
25 0.5087890625 0.0087890625 0.14453125 0.0146484375
25 0.6572265625 0.009765625 0.1484375 0.0146484375