22 0.65234375 0.4638671875 0.1689453125 0.42578125
11 0.642578125 0.7177734375 0.0517578125 0.0498046875
20 0.677734375 0.2001953125 0.0859375 0.08203125
16 0.439453125 0.205078125 0.1865234375 0.103515625
20 0.310546875 0.1904296875 0.05859375 0.0634765625
7 0.4326171875 0.4609375 0.15234375 0.162109375
18 0.4873046875 0.4794921875 0.40234375 0.533203125
0 0.212890625 0.4619140625 0.0927734375 0.3701171875
24 0.2119140625 0.138671875 0.0859375 0.2724609375
24 0.212890625 0.7333984375 0.0927734375 0.16796875
5 0.4853515625 0.7490234375 0.1357421875 0.1611328125
25 0.5 0.9921875 0.6640625 0.0146484375