22 0.34765625 0.5361328125 0.1689453125 0.42578125
11 0.357421875 0.2822265625 0.0517578125 0.0498046875
20 0.322265625 0.7998046875 0.0859375 0.08203125
16 0.560546875 0.794921875 0.1865234375 0.103515625
20 0.689453125 0.8095703125 0.05859375 0.0634765625
7 0.5673828125 0.5390625 0.15234375 0.162109375
18 0.5126953125 0.5205078125 0.40234375 0.533203125
0 0.787109375 0.5380859375 0.0927734375 0.3701171875
24 0.7880859375 0.861328125 0.0859375 0.2724609375
24 0.787109375 0.2666015625 0.0927734375 0.16796875
5 0.5146484375 0.2509765625 0.1357421875 0.1611328125
25 0.5 0.0078125 0.6640625 0.0146484375