22 0.4638671875 0.34765625 0.42578125 0.1689453125
11 0.7177734375 0.357421875 0.0498046875 0.0517578125
20 0.2001953125 0.322265625 0.08203125 0.0859375
16 0.205078125 0.560546875 0.103515625 0.1865234375
20 0.1904296875 0.689453125 0.0634765625 0.05859375
7 0.4609375 0.5673828125 0.162109375 0.15234375
18 0.4794921875 0.5126953125 0.533203125 0.40234375
0 0.4619140625 0.787109375 0.3701171875 0.0927734375
24 0.138671875 0.7880859375 0.2724609375 0.0859375
24 0.7333984375 0.787109375 0.16796875 0.0927734375
5 0.7490234375 0.5146484375 0.1611328125 0.1357421875
25 0.9921875 0.5 0.0146484375 0.6640625