22 0.736328125 0.30859375 0.1640625 0.388671875
1 0.5048828125 0.779296875 0.578125 0.14453125
23 0.2900390625 0.65234375 0.1044921875 0.087890625
23 0.3984375 0.658203125 0.0927734375 0.072265625
23 0.4990234375 0.65625 0.0927734375 0.07421875
23 0.283203125 0.8876953125 0.091796875 0.072265625
23 0.3896484375 0.8896484375 0.0908203125 0.072265625
23 0.498046875 0.888671875 0.099609375 0.0771484375
0 0.197265625 0.3125 0.060546875 0.4794921875
7 0.5 0.3193359375 0.1533203125 0.1845703125
4 0.72265625 0.552734375 0.111328125 0.0810546875
15 0.4755859375 0.9638671875 0.6142578125 0.0712890625
20 0.7333984375 0.095703125 0.0498046875 0.0322265625
18 0.482421875 0.3642578125 0.431640625 0.5712890625
2 0.474609375 0.5595703125 0.2646484375 0.1083984375
5 0.3271484375 0.1123046875 0.1767578125 0.2080078125