22 0.69140625 0.736328125 0.388671875 0.1640625
1 0.220703125 0.5048828125 0.14453125 0.578125
23 0.34765625 0.2900390625 0.087890625 0.1044921875
23 0.341796875 0.3984375 0.072265625 0.0927734375
23 0.34375 0.4990234375 0.07421875 0.0927734375
23 0.1123046875 0.283203125 0.072265625 0.091796875
23 0.1103515625 0.3896484375 0.072265625 0.0908203125
23 0.111328125 0.498046875 0.0771484375 0.099609375
0 0.6875 0.197265625 0.4794921875 0.060546875
7 0.6806640625 0.5 0.1845703125 0.1533203125
4 0.447265625 0.72265625 0.0810546875 0.111328125
15 0.0361328125 0.4755859375 0.0712890625 0.6142578125
20 0.904296875 0.7333984375 0.0322265625 0.0498046875
18 0.6357421875 0.482421875 0.5712890625 0.431640625
2 0.4404296875 0.474609375 0.1083984375 0.2646484375
5 0.8876953125 0.3271484375 0.2080078125 0.1767578125