3 0.7490234375 0.8447265625 0.1318359375 0.3037109375
0 0.2255859375 0.3486328125 0.111328125 0.3486328125
7 0.529296875 0.3330078125 0.1328125 0.2060546875
4 0.77734375 0.0517578125 0.068359375 0.0986328125
12 0.5673828125 0.05859375 0.0947265625 0.087890625
9 0.564453125 0.923828125 0.2294921875 0.130859375
5 0.51953125 0.7861328125 0.09375 0.130859375
5 0.6181640625 0.791015625 0.0927734375 0.130859375
18 0.5732421875 0.3486328125 0.4267578125 0.46875
4 0.2265625 0.0849609375 0.111328125 0.1689453125
6 0.6552734375 0.591796875 0.3193359375 0.1845703125
22 0.7158203125 0.3046875 0.1943359375 0.3818359375