13 0.123046875 0.228515625 0.076171875 0.068359375
7 0.4892578125 0.5263671875 0.12109375 0.171875
0 0.09375 0.5390625 0.09765625 0.291015625
20 0.2607421875 0.57421875 0.0751953125 0.072265625
18 0.51953125 0.4833984375 0.5029296875 0.603515625
5 0.2529296875 0.4619140625 0.1357421875 0.1142578125
5 0.248046875 0.6796875 0.1357421875 0.111328125
22 0.48046875 0.298828125 0.33203125 0.14453125
22 0.7197265625 0.37890625 0.13671875 0.2998046875
6 0.6923828125 0.6240234375 0.1904296875 0.185546875
25 0.2861328125 0.169921875 0.365234375 0.005859375
25 0.7001953125 0.1708984375 0.2451171875 0.005859375