13 0.876953125 0.771484375 0.076171875 0.068359375
7 0.5107421875 0.4736328125 0.12109375 0.171875
0 0.90625 0.4609375 0.09765625 0.291015625
20 0.7392578125 0.42578125 0.0751953125 0.072265625
18 0.48046875 0.5166015625 0.5029296875 0.603515625
5 0.7470703125 0.5380859375 0.1357421875 0.1142578125
5 0.751953125 0.3203125 0.1357421875 0.111328125
22 0.51953125 0.701171875 0.33203125 0.14453125
22 0.2802734375 0.62109375 0.13671875 0.2998046875
6 0.3076171875 0.3759765625 0.1904296875 0.185546875
25 0.7138671875 0.830078125 0.365234375 0.005859375
25 0.2998046875 0.8291015625 0.2451171875 0.005859375