13 0.771484375 0.123046875 0.068359375 0.076171875
7 0.4736328125 0.4892578125 0.171875 0.12109375
0 0.4609375 0.09375 0.291015625 0.09765625
20 0.42578125 0.2607421875 0.072265625 0.0751953125
18 0.5166015625 0.51953125 0.603515625 0.5029296875
5 0.5380859375 0.2529296875 0.1142578125 0.1357421875
5 0.3203125 0.248046875 0.111328125 0.1357421875
22 0.701171875 0.48046875 0.14453125 0.33203125
22 0.62109375 0.7197265625 0.2998046875 0.13671875
6 0.3759765625 0.6923828125 0.185546875 0.1904296875
25 0.830078125 0.2861328125 0.005859375 0.365234375
25 0.8291015625 0.7001953125 0.005859375 0.2451171875