22 0.4970703125 0.6806640625 0.4189453125 0.1865234375
5 0.8388671875 0.49609375 0.1845703125 0.150390625
5 0.8388671875 0.310546875 0.1884765625 0.154296875
5 0.1552734375 0.4951171875 0.193359375 0.1513671875
5 0.1533203125 0.310546875 0.1884765625 0.1533203125
7 0.501953125 0.3876953125 0.271484375 0.2236328125
18 0.5 0.404296875 0.41796875 0.3232421875
12 0.1171875 0.654296875 0.08203125 0.0751953125
11 0.2236328125 0.6513671875 0.087890625 0.0849609375
11 0.7666015625 0.650390625 0.0908203125 0.0849609375
12 0.8740234375 0.654296875 0.08203125 0.0751953125