22 0.5029296875 0.3193359375 0.4189453125 0.1865234375
5 0.1611328125 0.50390625 0.1845703125 0.150390625
5 0.1611328125 0.689453125 0.1884765625 0.154296875
5 0.8447265625 0.5048828125 0.193359375 0.1513671875
5 0.8466796875 0.689453125 0.1884765625 0.1533203125
7 0.498046875 0.6123046875 0.271484375 0.2236328125
18 0.5 0.595703125 0.41796875 0.3232421875
12 0.8828125 0.345703125 0.08203125 0.0751953125
11 0.7763671875 0.3486328125 0.087890625 0.0849609375
11 0.2333984375 0.349609375 0.0908203125 0.0849609375
12 0.1259765625 0.345703125 0.08203125 0.0751953125