21 0.4697265625 0.248046875 0.1513671875 0.0810546875
7 0.544921875 0.5205078125 0.0966796875 0.216796875
4 0.0673828125 0.53125 0.0859375 0.123046875
11 0.2880859375 0.2431640625 0.078125 0.0576171875
20 0.0673828125 0.6328125 0.0634765625 0.056640625
18 0.5390625 0.52734375 0.271484375 0.3623046875
4 0.06640625 0.53125 0.083984375 0.1181640625
17 0.1396484375 0.3125 0.1748046875 0.1640625
22 0.7822265625 0.431640625 0.1826171875 0.2626953125
22 0.7646484375 0.66015625 0.21875 0.185546875
5 0.314453125 0.423828125 0.1611328125 0.134765625
17 0.30078125 0.7099609375 0.181640625 0.177734375
25 0.0576171875 0.173828125 0.1142578125 0.0126953125
25 0.1953125 0.173828125 0.130859375 0.01171875