22 0.513671875 0.234375 0.3681640625 0.130859375
0 0.509765625 0.833984375 0.220703125 0.0966796875
10 0.2333984375 0.814453125 0.14453125 0.14453125
12 0.732421875 0.810546875 0.0712890625 0.0810546875
7 0.50390625 0.3935546875 0.2109375 0.138671875
18 0.5078125 0.6318359375 0.2734375 0.2666015625
21 0.837890625 0.30078125 0.056640625 0.3125
11 0.73046875 0.287109375 0.03515625 0.0341796875
3 0.1826171875 0.3310546875 0.0830078125 0.31640625
5 0.703125 0.4970703125 0.1494140625 0.169921875
5 0.310546875 0.494140625 0.1455078125 0.16796875
25 0.7705078125 0.021484375 0.1728515625 0.01953125
25 0.6015625 0.0224609375 0.1611328125 0.0185546875
25 0.3876953125 0.0244140625 0.1484375 0.01953125
25 0.2255859375 0.0244140625 0.166015625 0.017578125