22 0.765625 0.486328125 0.130859375 0.3681640625
0 0.166015625 0.490234375 0.0966796875 0.220703125
10 0.185546875 0.7666015625 0.14453125 0.14453125
12 0.189453125 0.267578125 0.0810546875 0.0712890625
7 0.6064453125 0.49609375 0.138671875 0.2109375
18 0.3681640625 0.4921875 0.2666015625 0.2734375
21 0.69921875 0.162109375 0.3125 0.056640625
11 0.712890625 0.26953125 0.0341796875 0.03515625
3 0.6689453125 0.8173828125 0.31640625 0.0830078125
5 0.5029296875 0.296875 0.169921875 0.1494140625
5 0.505859375 0.689453125 0.16796875 0.1455078125
25 0.978515625 0.2294921875 0.01953125 0.1728515625
25 0.9775390625 0.3984375 0.0185546875 0.1611328125
25 0.9755859375 0.6123046875 0.01953125 0.1484375
25 0.9755859375 0.7744140625 0.017578125 0.166015625